Generation:	BestFitness	:BestGene1:	BestGene2:
2	0.01079595	6.59586	-1.003481
3	0.01335299	5.930335	-5.896586
4	0.01414526	4.50049	4.293488
5	0.01502812	3.064976	-1.003481
6	0.01603568	3.999346	1.612222
7	0.01783967	5.930335	1.612222
8	0.01979148	2.852888	-4.285951
9	0.02220488	3.064976	-4.285951
10	0.02423537	2.779783	-1.003481
11	0.02665317	2.779783	-1.003481
12	0.03396559	6.214442	-1.003481
13	0.03233945	2.779783	-1.003481
14	0.02494049	-6.155573	-1.003481
15	0.02825093	2.779783	-1.003481
16	0.03176498	-1.824287	-3.37298
17	0	-1.824287	-3.37298
18	0.02695787	-3.772552	-6.414016
19	0.02541029	3.619348	-7.439451
20	0.0257796	4.915045	-6.312087
21	0	4.915045	-6.312087
22	0.03092837	5.131836	6.683135
23	0.06504476	5.131836	6.683135
24	0.1717863	5.131836	6.683135
Enemy: EnemyHigh Variant(Clone)
Distance: 127.5813
Strategy: Expert
Generation:	BestFitness	:BestGene1:	BestGene2:
2	0.01058257	-6.111099	4.497582
3	0.01232255	-2.930746	-5.12219
4	0.01382542	-6.501701	-3.367054
5	0.0156852	-6.501701	-3.367054
6	0.01802969	-6.501701	-3.367054
7	0.01907992	-6.111099	6.000491
8	0.02295244	-6.111099	-4.742104
9	0.02783799	-6.111099	-4.742104
10	0.03833055	-6.111099	6.000491
11	0.05260873	-6.111099	6.000491
12	0.07236922	-1.596597	-6.769147
13	0.07673323	-1.596597	5.849123
14	0.09960961	-1.596597	-2.237202
15	0	-1.596597	-2.237202
16	0.07256234	2.571316	-6.131233
17	0.06010687	2.571316	6.092745
18	0.04927623	2.571316	-6.131233
19	0.04304671	2.571316	1.427198
20	0.06320691	-5.589957	4.150485
21	0.09169781	-5.589957	-6.131233
22	0.09791529	-5.589957	-4.613212
23	0.135962	-5.589957	2.77615
Enemy: EnemyHigh Variant(Clone)
Distance: 147.7138
Strategy: Expert
Generation:	BestFitness	:BestGene1:	BestGene2:
2	0.01391268	-4.950729	-2.917658
3	0.01674223	-4.950729	4.375337
4	0.01841521	-4.950729	-2.917658
5	0.02048993	-4.950729	3.298371
6	0.02308035	-4.950729	-1.555393
7	0.02639389	-4.950729	1.337612
8	0.03083301	-4.950729	-1.555393
9	0.03692412	-4.950729	-1.555393
10	0.04637003	-4.950729	3.298371
11	0.06030655	-4.950729	2.708675
12	0.09186077	-4.950729	-1.4733
13	0.1912248	-4.950729	-3.032578
Enemy: EnemyExpert Variant(Clone)
Distance: 68.08263
Strategy: Expert
Generation:	BestFitness	:BestGene1:	BestGene2:
2	0.01049221	-6.226802	-5.46266
3	0.0124706	-3.491868	-4.132604
4	0.01353645	-3.491868	-4.132604
5	0.01477361	-3.491868	-4.132604
6	0.01681495	-6.226802	-1.5221
7	0.0194962	-6.226802	-1.5221
8	0.02317417	-6.226802	-1.5221
9	0	-6.226802	-1.5221
10	0	2.962641	2.732885
11	0.01918173	5.451029	-6.329553
12	0	5.451029	-6.329553
13	0.02396095	-6.425865	-4.820158
14	0.03408599	-6.425865	-4.820158
15	0.0448705	-6.425865	-4.820158
16	0.0736053	-6.425865	1.898086
17	0.2005039	-6.425865	1.898086
Enemy: EnemyHigh Variant(Clone)
Distance: 88.88564
Strategy: Expert
Generation:	BestFitness	:BestGene1:	BestGene2:
2	0.01509976	4.648266	-4.558601
3	0.01680112	4.648266	-4.558601
4	0.018888	4.648266	-4.558601
5	0.0216167	4.914411	-4.558601
6	0.02509546	4.914411	-4.558601
7	0.02931786	4.648266	-4.712748
8	0.03456593	4.658813	-3.52219
9	0.04109049	4.658813	-3.52219
10	0.05253792	4.658813	1.140434
11	0.07287192	4.648266	1.431523
12	0.1183503	4.648266	1.431523
13	0.3021665	4.658813	1.140434
Enemy: EnemyExpert Variant(Clone)
Distance: 68.97414
Strategy: Expert
Generation:	BestFitness	:BestGene1:	BestGene2:
2	0.009595275	5.834381	1.971981
3	0.01153064	3.564457	6.100716
4	0.01310277	5.834381	6.100716
5	0.01492536	5.699242	4.731143
6	0.0173173	5.699242	4.731143
7	0.02055621	5.699242	4.731143
8	0.02541149	5.699242	6.100716
9	0.03226018	5.699242	6.100716
10	0.03131127	3.564457	-1.281287
11	0.04498148	3.564457	-1.281287
12	0.05492854	3.564457	-1.281287
13	0.05864072	2.62207	-3.315203
14	0.09347796	2.62207	6.551302
15	0.1274652	2.62207	-1.281287
Enemy: EnemyHigh Variant(Clone)
Distance: 95.30519
Strategy: Expert
Generation:	BestFitness	:BestGene1:	BestGene2:
2	0.01159298	-4.550365	3.134608
3	0.01228929	-4.550365	3.134608
4	0.01301527	-4.550365	3.134608
5	0.01394439	-2.443807	-6.11914
6	0.01491165	-4.550365	3.134608
7	0.01649487	-6.407768	3.134608
8	0.01832306	-6.808387	-6.000065
9	0.02329659	-6.808387	-6.000065
10	0.02861369	-2.443807	-6.000065
11	0.03106785	-2.443807	-4.693709
12	0.03392863	-2.443807	-1.577791
13	0.04474008	-6.261281	-1.577791
14	0.06115735	-6.261281	-1.577791
15	0.06981802	-2.443807	2.551201
16	0.06316531	-6.261281	-6.000065
17	0.06234682	1.25959	-1.094535
18	0.108339	-6.261281	5.859107
19	1.260633	1.450805	5.859107
Enemy: EnemyHigh Variant(Clone)
Distance: 107.2552
Strategy: Expert
Generation:	BestFitness	:BestGene1:	BestGene2:
2	0.01339626	4.954573	3.571707
3	0.0148592	4.954573	4.720618
4	0.01666451	4.954573	4.720618
5	0.01894259	4.954573	4.720618
6	0.02188826	4.954573	4.720618
7	0.02580786	4.954573	4.720618
8	0.03116894	4.954573	4.720618
9	0.03861547	4.954573	4.720618
10	0.04847097	4.954573	-1.310836
11	0.06683564	4.954573	1.813812
12	0.1057243	4.954573	1.813812
13	0.2445722	4.954573	-1.310836
Enemy: EnemyExpert Variant(Clone)
Distance: 72.44079
Strategy: Expert
Generation:	BestFitness	:BestGene1:	BestGene2:
2	0.01040852	-6.036446	-7.255941
3	0.0125643	-6.036446	-7.255941
4	0.01405764	-6.780941	-2.557126
5	0.01587617	-6.780941	-2.557126
6	0.01810086	-6.780941	-2.557126
7	0.02081132	-6.780941	-2.557126
8	0.02398539	-6.780941	-2.557126
9	0.03026271	-6.367644	2.373919
10	0.04070902	-6.367644	2.373919
11	0.05062783	-6.367644	2.373919
12	0.1117209	-6.780941	2.373919
13	0.1866264	-4.346704	2.373919
Enemy: EnemyHigh Variant(Clone)
Distance: 92.49789
Strategy: Expert
Generation:	BestFitness	:BestGene1:	BestGene2:
2	0.01387239	4.49429	2.318424
3	0.01506257	3.834819	4.695359
4	0.01646566	4.650704	2.29432
5	0.01822948	4.29652	4.497211
6	0.02049136	4.669115	4.497211
7	0.02173591	3.528864	-4.013237
8	0.02349496	4.396775	-3.283657
9	0.02713704	4.243044	3.330036
10	0.03196859	4.243044	3.330036
11	0.03865385	4.243044	3.330036
12	0.04817915	4.243044	3.330036
13	0.05826449	4.243044	-4.206825
14	0.0859549	4.026605	4.718143
15	0.1313789	4.232395	-2.097558
16	0.4766765	4.424238	3.330036
Enemy: EnemyExpert Variant(Clone)
Distance: 81.67681
Strategy: Expert
Generation:	BestFitness	:BestGene1:	BestGene2:
2	0.008921266	-6.35735	5.410318
3	0.01012123	1.317522	-6.696155
4	0.01058435	-2.125844	-3.056739
5	0.01121414	-2.125844	-5.01504
6	0.01220298	-3.894608	-5.01504
7	0.01334393	-3.894608	-5.01504
8	0.0147922	-4.954883	-3.056739
9	0.0158006	-2.515728	-3.3964
10	0.01647055	-3.894608	5.114607
11	0.0183413	-3.894608	-3.056739
12	0.02062452	-3.894608	-3.056739
13	0.02350473	-3.894608	-3.056739
14	0.02721798	-3.894608	-3.056739
15	0.02461338	3.37919	-3.056739
16	0.02764833	-4.383688	5.114607
17	0.02982414	-4.383688	5.114607
18	0.0273844	3.37919	-1.705106
19	0.03304195	-4.383688	-1.705106
20	0.04129422	-4.383688	-1.705106
21	0.05499053	-4.383688	-1.705106
22	0.09277248	-5.586932	-1.705106
23	0	-5.586932	-1.705106
24	0.06277144	5.139952	-4.701037
25	0.1075674	-5.805373	3.424766
26	1.616092	-6.512445	-4.701037
Enemy: EnemyHigh Variant(Clone)
Distance: 135.7347
Strategy: Expert
Generation:	BestFitness	:BestGene1:	BestGene2:
2	0.01058623	-1.746562	2.187091
3	0.01154289	-5.208811	4.302161
4	0.0125137	-6.876238	-2.237443
5	0.01358613	-6.876238	-2.237443
6	0.01539797	-6.876238	2.187091
7	0.01774371	-6.876238	2.187091
8	0	-6.876238	2.187091
9	0.01587525	-4.429813	-6.906258
10	0.01756191	-5.053045	-4.561689
11	0.01885027	-1.878448	2.536049
12	0.02097443	-4.429813	6.701542
13	0.02702594	-4.429813	6.701542
14	0.03782869	-4.429813	6.701542
15	0.06367252	-4.429813	7.352821
16	0.1248136	-4.429813	2.536049
17	2.47809	-6.762082	2.536049
Enemy: EnemyHigh Variant(Clone)
Distance: 99.62355
Strategy: Expert
Generation:	BestFitness	:BestGene1:	BestGene2:
2	0.01081097	4.23731	-4.07515
3	0.01276481	4.508381	-3.087436
4	0.01385033	4.9038	-1.843931
5	0.01515484	4.658824	2.466664
6	0.01669741	4.658824	2.466664
7	0.01853228	4.658824	2.466664
8	0.02079618	4.508381	-1.843931
9	0.02374029	4.658824	-1.703862
10	0.02788663	4.856986	2.466664
11	0.0335114	4.658824	-1.703862
12	0.04192817	4.856986	-2.245659
13	0.05773914	4.856986	2.935861
14	0.08896148	4.856986	-1.703862
15	0.1980449	4.856986	2.935861
Enemy: EnemyExpert Variant(Clone)
Distance: 80.56918
Strategy: Expert
Generation:	BestFitness	:BestGene1:	BestGene2:
2	0.01171604	6.169762	7.481593
3	0.01439437	6.009233	3.140084
4	0.01475632	1.237501	1.122738
5	0.01513645	1.237501	1.122738
6	0.01491234	-1.270816	2.752198
7	0.01469165	-1.270816	2.98905
8	0.01512736	1.237501	4.274547
9	0.01670152	5.027073	2.752198
10	0.01932308	6.92494	-5.439713
11	0.02325282	6.92494	2.752198
12	0.02546504	6.92494	-5.439713
13	0.0380452	6.92494	4.274547
14	0.05690888	6.92494	4.274547
15	0.0998661	6.92494	2.752198
16	0.5724067	6.92494	-5.439713
Enemy: EnemyHigh Variant(Clone)
Distance: 89.30139
Strategy: Expert
Generation:	BestFitness	:BestGene1:	BestGene2:
2	0.01052648	3.243253	5.207624
3	0.01276121	6.194953	2.0711
4	0.01419872	6.194953	2.0711
5	0.01579091	4.159389	5.207624
6	0.01806662	6.194953	2.0711
7	0.02109781	6.194953	2.0711
8	0.02535075	6.194953	2.0711
9	0.02992913	6.194953	-1.402294
10	0.03742308	5.148973	2.0711
11	0.04977376	5.148973	2.0711
12	0.07940904	6.194953	2.0711
13	0.2559479	6.194953	4.424949
Enemy: EnemyHigh Variant(Clone)
Distance: 78.2102
Strategy: Expert
Generation:	BestFitness	:BestGene1:	BestGene2:
2	0.01201832	4.815773	-4.292582
3	0.01307905	4.815773	-4.292582
4	0.01431	4.957769	-3.048307
5	0.0157572	4.966476	-1.615287
6	0.01752126	4.966476	1.161115
7	0.01972771	4.966476	-1.615287
8	0.02258217	4.966476	1.161115
9	0.02636504	4.966476	-1.615287
10	0.03175378	4.966476	1.161115
11	0.03889871	4.966476	-4.189618
12	0.04966068	4.966476	-1.615287
13	0.06986439	3.470665	4.927404
14	0.1223793	4.966476	3.117571
15	0.6743166	4.966476	-1.843017
Enemy: EnemyExpert Variant(Clone)
Distance: 81.63427
Strategy: Expert
Generation:	BestFitness	:BestGene1:	BestGene2:
2	0.01047194	-4.096201	-3.063536
3	0.01121426	-4.096201	-3.063536
4	0.01206434	-4.096201	-3.063536
5	0.01304567	-4.096201	-3.063536
6	0.01425242	-4.096201	-4.001159
7	0.01576841	-4.229418	-4.907429
8	0.01763189	-4.535044	-4.907429
9	0.01976323	-4.535044	-4.907429
10	0.02208483	-4.229418	-2.282963
11	0.02485824	-4.229418	-2.282963
12	0.02872491	-3.986319	1.861149
13	0.03465545	-4.535044	1.161043
14	0.04363513	-4.535044	2.830848
15	0.05811489	-4.535044	1.161043
16	0.0848062	-4.535044	1.161043
17	0.1838136	-4.535044	-2.282963
Enemy: EnemyExpert Variant(Clone)
Distance: 86.07223
Strategy: Expert
Generation:	BestFitness	:BestGene1:	BestGene2:
2	0.01152372	-4.42629	4.977239
3	0.01239169	-4.42629	4.977239
4	0.01336837	-4.539356	2.061543
5	0.01448143	-4.539356	2.061543
6	0.01576722	-4.539356	2.061543
7	0.01729548	-4.638704	2.061543
8	0.01937723	-4.418337	-3.920452
9	0.02183187	-4.418337	-3.920452
10	0.02511704	-4.638704	2.016106
11	0.02954519	-4.638704	-1.899314
12	0.0356046	-4.638704	-1.899314
13	0.04410768	-4.638704	-1.899314
14	0.06203187	-4.638704	2.569866
15	0.09174991	-4.638704	-1.573635
16	0.07909274	1.886636	2.186455
17	0.1346961	-4.421577	4.378703
Enemy: EnemyExpert Variant(Clone)
Distance: 91.221
Strategy: Expert
Generation:	BestFitness	:BestGene1:	BestGene2:
2	0.01180247	-6.439198	-0.2822587
3	0.01298398	-6.439198	-0.2822587
4	0.0144212	-6.439198	-0.2822587
5	0.01640812	-6.439198	-2.544141
6	0.01654983	0.08344352	-2.544141
7	0.01779899	-7.245831	-2.544141
8	0.02393261	-7.245831	-2.544141
9	0.03069014	-7.245831	-2.544141
10	0.04247785	-7.245831	-2.544141
11	0.06783844	-7.245831	0.8110258
12	0.1538795	-7.245831	1.434033
Enemy: EnemyHigh Variant(Clone)
Distance: 69.86717
Strategy: Expert
Generation:	BestFitness	:BestGene1:	BestGene2:
2	0.01193687	6.014381	-1.046527
3	0.01306057	6.014381	-1.046527
4	0.01367062	0.6894413	-5.755726
5	0.01520068	6.014381	-1.046527
6	0.01708746	6.014381	-1.046527
7	0.01949102	6.014381	-1.046527
8	0.02287403	7.330278	-7.126654
9	0.03146693	7.330278	-7.126654
10	0.04557416	7.330278	-7.126654
11	0.06070361	7.330278	-5.755726
12	0.2447738	6.014381	7.391564
Enemy: EnemyHigh Variant(Clone)
Distance: 79.05095
Strategy: Expert
Generation:	BestFitness	:BestGene1:	BestGene2:
2	0.009464264	-4.158647	-4.436859
3	0.01124048	-4.158647	-4.436859
4	0.01218522	-4.158647	-4.436859
5	0.01327097	-4.158647	-4.436859
6	0.01451933	-4.158647	-4.436859
7	0.01594889	-4.158647	-4.436859
8	0.01756513	-4.158647	-4.436859
9	0.01939261	-4.158647	-0.02022386
10	0.02176774	-4.455942	-3.912501
11	0.02471805	-4.158647	2.417459
12	0.02848375	-4.158647	-0.02022386
13	0.03369212	-4.679241	-4.436859
14	0.04198527	-4.158647	2.920158
15	0.05431926	-4.158647	1.154081
16	0.07644689	-4.158647	0.1045811
17	0.1233039	-4.158647	2.417459
18	0.4317509	-4.312986	-1.476841
Enemy: EnemyExpert Variant(Clone)
Distance: 96.11298
Strategy: Expert
Generation:	BestFitness	:BestGene1:	BestGene2:
2	0.01225114	6.685062	-2.30168
3	0.01478136	6.685062	-2.30168
4	0.0160484	6.685062	7.483067
5	0.01994491	6.685062	-2.30168
6	0.02404675	6.059873	3.52386
7	0.02998918	6.685062	1.674415
8	0.04031405	6.059873	3.52386
9	0.06138653	6.059873	3.52386
10	0.1280555	6.685062	2.153827
11	15.24445	6.685062	2.524529
Enemy: EnemyHigh Variant(Clone)
Distance: 79.88534
Strategy: Expert
Generation:	BestFitness	:BestGene1:	BestGene2:
2	0.01067257	-4.647555	-1.550366
3	0.01162183	-4.647555	-4.04588
4	0.01274657	-4.647555	-4.04588
5	0.01409698	-4.647555	-4.04588
6	0.01574123	-4.647555	-4.04588
7	0.01643813	-2.808236	1.477499
8	0.01877141	-4.647555	-4.31357
9	0.02177715	-4.647555	-4.474185
10	0.02567685	-4.647555	-4.474185
11	0.03068864	-4.647555	-4.31357
12	0.03706789	-4.647555	-3.544843
13	0.04746497	-4.647555	0.005359054
14	0.0676496	-4.647555	1.786344
15	0.1121887	-4.647555	3.637935
16	0.3426733	-4.647555	-2.568698
Enemy: EnemyExpert Variant(Clone)
Distance: 84.21946
Strategy: Expert
Generation:	BestFitness	:BestGene1:	BestGene2:
2	0.01306817	5.983282	-6.927619
3	0.01646996	7.173124	0.7833382
4	0.01924396	7.173124	0.7833382
5	0.02313078	7.173124	0.7833382
6	0.02902776	7.173124	-1.887797
7	0.03869713	7.173124	-1.887797
8	0.04484922	3.301034	-1.887797
9	0.05223796	3.301034	-1.887797
10	0.06329776	4.087371	-1.887797
11	0.108714	3.301034	5.543911
12	0.23905	6.648704	-1.887797
Enemy: EnemyHigh Variant(Clone)
Distance: 77.31715
Strategy: Expert
Generation:	BestFitness	:BestGene1:	BestGene2:
2	0.009726167	3.822947	-4.742968
3	0.01161528	3.822947	-4.975583
4	0.01266861	3.822947	-4.975583
5	0.01391494	3.822947	-4.975583
6	0.01536989	3.822947	-4.975583
7	0.0170331	3.822947	-4.975583
8	0.01860368	3.822947	-0.54474
9	0.02048504	3.822947	-0.54474
10	0.02332854	3.990648	-4.014135
11	0.02676058	3.990648	-4.014135
12	0.03178918	4.946036	3.900033
13	0.03750145	4.946036	3.900033
14	0.04239488	4.946036	3.900033
15	0.06395793	4.946036	-3.56343
16	0.1456296	4.946036	-4.66682
Enemy: EnemyExpert Variant(Clone)
Distance: 88.08543
Strategy: Expert
Generation:	BestFitness	:BestGene1:	BestGene2:
2	0.01251012	4.588713	0.8592904
3	0.01404792	7.465039	0.2430609
4	0.01603872	7.465039	0.6613424
5	0.01857624	7.465039	0.2430609
6	0.02207697	7.465039	0.6613424
7	0.0267838	7.465039	0.2430609
8	0.03332854	7.465039	0.2430609
9	0.03481299	7.465039	0.2430609
10	0.03220916	1.533699	-7.256912
11	0.03514082	7.465039	0.2430609
12	0.03999368	1.533699	6.122673
13	0.07530422	1.533699	6.122673
14	0.1608698	1.533699	6.122673
Enemy: EnemyHigh Variant(Clone)
Distance: 89.11801
Strategy: Expert
Generation:	BestFitness	:BestGene1:	BestGene2:
2	0.01076567	-3.684857	3.452352
3	0.01250517	-3.327259	-1.937108
4	0.01329875	-3.684857	-0.9724444
5	0.01425087	-4.30283	4.751205
6	0.01527917	-3.684857	0.01027882
7	0.01652634	-3.684857	-1.707303
8	0.01798427	-3.684857	-1.809809
9	0.02027106	-4.770014	-2.0881
10	0.02327561	-4.925658	-1.359862
11	0.02726626	-4.925658	-1.359862
12	0.03278422	-4.925658	-1.359862
13	0.04129148	-4.770014	4.379838
14	0.05588961	-4.925658	0.01027882
15	0.0860815	-4.925658	0.01027882
16	0.1836344	-4.925658	0.01027882
Enemy: EnemyExpert Variant(Clone)
Distance: 80.07864
Strategy: Expert
Generation:	BestFitness	:BestGene1:	BestGene2:
2	0.01120284	1.439969	1.094818
3	0.0123395	4.417495	5.894177
4	0.01370028	4.417495	5.894177
5	0.01534134	4.417495	5.894177
6	0.01732633	4.417495	5.894177
7	0.01994997	6.436891	0.2994999
8	0.02344564	6.436891	0.2994999
9	0.02835751	4.417495	5.894177
10	0.03479422	4.417495	5.894177
11	0.03583953	0.6896371	0.2994999
12	0.03917441	2.383798	-2.796299
13	0.04880876	4.154147	0.2994999
14	0.05665347	2.383798	0.2994999
15	0.06747232	2.383798	0.2994999
16	0.08332089	2.383798	0.2994999
17	0.2440074	7.053354	0.2994999
Enemy: EnemyHigh Variant(Clone)
Distance: 80.46172
Strategy: Expert
Generation:	BestFitness	:BestGene1:	BestGene2:
2	0.01107872	3.932607	-4.571189
3	0.01326311	3.932607	-4.571189
4	0.01433003	3.887115	-2.314151
5	0.01573181	3.932607	-4.571189
6	0	3.932607	-4.571189
7	0	-0.4405081	-0.07487178
8	0	2.033127	-3.010928
9	0	4.322512	1.498506
10	0	1.580938	4.380266
11	0	-3.110466	-2.750088
12	0	-0.4718548	-3.537921
13	0	-2.155567	0.6109577
14	0	0.3175533	1.259352
15	0	-4.326608	2.514723
16	0	1.889549	-3.203467
17	0	-0.8281624	-2.435323
18	0	-1.951903	-1.005062
19	0	-2.787676	1.716691
20	0	-2.07245	3.511428
21	0	3.376914	-2.250569
22	0	-0.09448946	1.61346
23	0	3.107631	3.201604
24	0.01574934	0.02429783	-0.09061575
25	0.01574934	0.02429783	-0.09061575
26	0.01574945	0.02429783	-0.09061575
27	0.01574957	0.02429783	-0.09061575
28	0.01574993	0.02429783	-0.09061575
29	0.01575005	0.02429783	-0.09061575
30	0.01575017	0.02429783	-0.09061575
31	0.01575029	0.02429783	-0.09061575
32	0.01575065	0.02429783	-0.09061575
33	0.01575077	0.02429783	-0.09061575
34	0.01575089	0.02429783	-0.09061575
35	0.01575112	0.02429783	-0.09061575
36	0.01575148	0.02429783	-0.09061575
37	0.0157516	0.02429783	-0.09061575
38	0.01575172	0.02429783	-0.09061575
39	0.01575196	0.02429783	-0.09061575
40	0.01575232	0.02429783	-0.09061575
41	0.01575243	0.02429783	-0.09061575
42	0.01575267	0.02429783	-0.09061575
43	0.01575279	0.02429783	-0.09061575
44	0.01575315	0.02429783	-0.09061575
45	0.01575339	0.02429783	-0.09248316
46	0.01575351	0.02429783	-0.09248316
47	0.01575375	0.02429783	-0.09248316
48	0.01575398	0.02429783	-0.09248316
49	0.01575422	0.02429783	-0.09248316
50	0.01575434	0.02429783	-0.09248316
51	0.0157547	0.02429783	-0.09248316
52	0.01577175	0.07711291	-0.09248316
53	0.01577997	0.07711291	-0.09248316
54	0.01578832	0.07711291	-0.09248316
55	0.01579654	0.07711291	-0.09248316
56	0.01580405	0.07711291	-0.09248316
57	0.01581156	0.07711291	-0.09248316
58	0.01581883	0.07711291	-0.09248316
59	0.01582623	0.07711291	-0.09248316
60	0.01583326	0.07711291	-0.09248316
61	0.01584566	0.07711291	-0.1778358
62	0.01586676	0.07711291	-0.1778358
63	0.01588726	0.07711291	-0.1778358
64	0.01600444	0.3890789	-0.09248316
65	0.01610672	0.3890789	-0.09248316
66	0.01621032	0.3890789	-0.09248316
67	0.01664901	1.341169	-0.09248316
68	0.01750934	2.370806	-0.09248316
69	0.01936507	4.317806	-0.1778358
70	0.02165282	4.317806	-0.1778358
71	0.02503371	4.964514	-0.09248316
72	0.03045714	4.964514	-2.948807
73	0.03762817	4.964514	-0.09248316
74	0.05113506	4.964514	-2.948807
75	0.07668984	4.964514	-2.948807
76	0.1498652	4.964514	-0.09248316
Enemy: EnemyExpert Variant(Clone)
Distance: 70.93195
Strategy: Expert
Generation:	BestFitness	:BestGene1:	BestGene2:
2	0.01208812	-3.019159	-3.035646
3	0.01298979	-4.671184	1.268968
4	0.01402393	-4.671184	1.268968
5	0.01523286	-4.671184	0.7139629
6	0.01730293	-6.440104	-1.481066
7	0.02002582	-6.440104	0.7139629
8	0.02375588	-6.440104	0.7139629
9	0.02920672	-6.440104	-1.481066
10	0.03774211	-6.440104	-1.481066
11	0.03665433	0.4549688	-1.481066
12	0.05040273	-6.440104	-1.481066
13	0.07494555	-6.440104	-1.481066
14	0.06711931	0.4549688	-1.481066
15	0.09874434	-2.275647	3.527058
16	0.08605853	0.4549688	-1.481066
17	0.06359667	0.4549688	-1.481066
18	0.05707324	0.4549688	-1.481066
19	0.05636156	0.4549688	-3.323582
20	0.05151615	0.4549688	-1.481066
21	0.04740253	0.4549688	-1.481066
22	0.04552886	-0.7162893	-1.481066
23	0.0436984	0.4549688	-0.6988478
24	0.04514933	-4.115651	-1.481066
25	0.05643919	0.4549688	4.097143
26	0.05509109	5.649052	4.364133
27	0.05546675	-0.7162893	-0.6988478
28	0.05595774	-0.7162893	-0.6988478
29	0.06644816	0.4549688	4.364133
30	0.1363571	-6.030936	4.364133
Enemy: EnemyHigh Variant(Clone)
Distance: 111.42
Strategy: Expert
Generation:	BestFitness	:BestGene1:	BestGene2:
2	0.01172066	-6.711444	2.943549
3	0.01436442	-6.711444	2.943549
4	0.01613319	-6.711444	2.943549
5	0.01708299	-6.711444	-3.921732
6	0.02191186	-6.711444	2.943549
7	0.02387464	-3.987263	2.943549
8	0.02729207	-5.799737	2.943549
9	0.02981767	-2.174498	-1.457162
10	0.03283278	-2.174498	-1.457162
11	0.0426358	-3.987263	-6.006896
12	0.06530077	-6.493717	-1.457162
13	0.1144625	-6.493717	-1.457162
Enemy: EnemyHigh Variant(Clone)
Distance: 81.62614
Strategy: Expert
Generation:	BestFitness	:BestGene1:	BestGene2:
2	0.01072538	4.569373	-3.935903
3	0.01281333	4.569373	-3.935903
4	0.0139668	4.569373	-3.935903
5	0.01528227	4.569373	-3.935903
6	0.01677227	4.569373	1.334722
7	0.01862466	4.569373	-1.033707
8	0.02092242	4.569373	-1.033707
9	0.02397037	4.73236	0.2931702
10	0.02806473	4.73236	-1.143245
11	0.03384995	4.73236	0.2931702
12	0.03946161	3.335803	-1.033707
13	0	3.335803	-1.033707
14	0	1.591408	-3.827755
15	0	3.374711	-1.030901
16	0	2.346045	-4.425769
17	0	-2.001087	2.358124
18	0	3.042619	-3.49331
19	0	-1.56881	4.125836
20	0	-3.690364	1.430423
21	0	-2.573558	-2.223136
22	0	0.5897766	4.519241
23	0	3.825915	2.01176
24	0	0.2787519	-0.03456712
25	0	-4.771132	2.127375
26	0	1.474512	-1.288104
27	0	0.2116817	-3.895242
28	0	-3.062269	-0.6964803
29	0	2.683694	-4.369581
30	0	-0.5555391	-4.65889
31	0	3.921606	-1.493309
32	0	-4.198556	4.824383
33	0	0.3960067	-2.850083
34	0	1.772822	-2.769537
35	0	-0.8563876	1.314618
36	0	2.113511	-4.573999
37	0	-2.500506	3.05292
38	0	-4.211715	-3.611641
39	0	-2.173763	-2.66425
40	0	4.278692	1.821998
41	0	1.643716	-4.06588
42	0	2.544762	0.4189503
43	0	1.225835	0.8820903
44	0	-4.131228	3.76425
45	0	2.391013	-1.226336
46	0	1.592434	4.406271
47	0	-4.557984	-2.841419
48	0	0.487687	-4.538044
49	0	3.914974	-3.749738
50	0	-1.549014	0.3525096
51	0	1.811615	2.803792
52	0	-3.772319	3.284417
53	0	2.528841	-0.6427372
54	0	4.734097	0.653494
55	0	-0.574621	4.299409
56	0	0.06793499	4.650782
57	0	-2.835157	-2.065214
58	0	1.234378	-1.678578
59	0	2.799654	-4.316352
60	0	2.039044	-4.301194
61	0	4.262389	-4.174538
62	0	4.35463	-3.917799
63	0	3.857059	-3.512241
64	0	-0.7314134	0.8489466
65	0	-0.139637	4.881845
66	0	3.182411	-3.313285
67	0	-4.329296	-1.249475
68	0	3.361636	1.691599
69	0.03965878	0.09907424	-0.01431584
70	0.03966117	0.09907424	-0.01431584
71	0.03966522	0.09907424	-0.01431584
72	0.03967047	0.09907424	-0.01431584
73	0.03967535	0.09907424	-0.01431584
74	0.03968024	0.09907424	-0.01431584
75	0.03968549	0.09907424	-0.01431584
76	0.03968954	0.09907424	-0.01431584
77	0.03969312	0.09907424	-0.01431584
78	0.03976369	0.1310593	-0.024845
79	0.03983462	0.1310593	-0.024845
80	0.03990436	0.1310593	-0.024845
81	0.03997374	0.1310593	-0.024845
82	0.04004526	0.1310593	-0.01431584
83	0.04013288	0.1310593	0.1156032
84	0.040254	0.1310593	0.0293529
85	0.04036689	0.1509845	-0.01431584
86	0.04048002	0.1509845	-0.01431584
87	0.04059446	0.1509845	-0.01431584
88	0.04071474	0.1509845	0.0293529
89	0.04083657	0.1509845	0.0293529
90	0.04095817	0.1509845	0.0293529
91	0.04102945	0.1310593	-0.01431584
92	0.04110301	0.1310593	-0.01431584
93	0.04118311	0.1310593	0.0293529
94	0.04126406	0.1310593	0.0293529
95	0.04127264	0.09907424	0.0293529
96	0.04128397	0.09907424	0.0293529
97	0.04129505	0.09907424	0.0293529
98	0.04130602	0.09907424	0.0293529
99	0.04131651	0.09907424	0.0293529
100	0.04132593	0.09907424	0.0293529
101	0.04133546	0.09907424	0.0293529
102	0.04134679	0.09907424	0.0293529
103	0.04135728	0.09907424	0.0293529
104	0.04136765	0.09907424	0.0293529
105	0.04137862	0.09907424	0.0293529
106	0	0.09907424	0.0293529
107	0	-4.290636	-0.9647703
108	0	-1.908264	1.579073
109	0	-2.009021	3.638368
110	0	2.912066	-4.010837
111	0	-4.275193	3.738363
112	0	-3.060423	-4.651409
113	0	-4.513751	3.084143
114	0	4.409821	-2.550096
115	0	-2.758901	-3.008723
116	0.0342294	0.00549376	0.07737279
117	0.03423154	0.00549376	0.07737279
118	0.0342319	0.00549376	0.07737279
119	0.0342319	0.00549376	0.07737279
120	0.03423226	0.00549376	0.07737279
121	0.0342325	0.00549376	0.07737279
122	0.03423262	0.00549376	0.07737279
123	0.03423285	0.00549376	0.07737279
124	0.03423321	0.00549376	0.07737279
125	0.03423345	0.00549376	0.07737279
126	0	0.00549376	0.07737279
127	0	4.250472	1.90062
128	0	-2.663551	0.4963088
129	0	0.01893044	2.185182
130	0	-3.983452	3.569928
131	0	0.9506238	3.490445
132	0	-1.520723	-0.5311733
133	0	-1.052712	-3.125435
134	0	-3.955178	3.917842
135	0	3.951098	-1.643516
136	0	-1.235535	2.000094
137	0	0.8557546	-0.1543629
138	0	-3.137002	-1.159837
139	0	3.483017	3.854225
140	0	-4.319608	3.588511
141	0	2.25505	-0.4474086
142	0	-1.255646	-3.231039
143	0	0.7229614	3.956634
144	0	-4.928423	-1.190447
145	0	4.088017	0.5267674
146	0	-3.874038	3.429346
147	0	2.903937	-3.969839
148	0	2.695908	0.8563602
149	0	-3.494592	-1.441506
150	0	2.508373	1.328176
151	0	3.068463	1.973502
152	0	4.17856	0.2939922
153	0	4.556152	0.9089351
154	0	2.208688	4.536526
155	0	0.01885712	-2.57693
156	0	-4.84514	-1.611433
157	0	-0.5658489	-0.138486
158	0	-2.372421	-3.797907
159	0	1.478192	-2.647046
160	0	-4.727138	2.009908
161	0	-0.6722552	1.772174
162	0.05561721	4.956505	3.702494
163	0.08827662	4.956505	-2.72526
164	0.179482	4.571448	1.325954

Generation:	BestFitness	:BestGene1:	BestGene2:
2	0.01248848	4.917522	-3.844305
3	0.01377273	4.917522	-3.895677
4	0.01485562	4.853113	-1.738182
5	0.01646543	4.853113	-1.738182
6	0.01846266	4.853113	-1.738182
7	0.02103937	4.917522	-1.738182
8	0.02411473	4.917522	0.57432
9	0.02878046	4.917522	-1.983954
10	0.03471231	4.853113	0.57432
11	0.04519808	4.917522	-1.738182
12	0.06516731	4.917522	-2.408378
13	0.1124771	4.917522	-1.738182
14	0.3497709	4.853113	-0.8929777
Enemy: EnemyExpert Variant(Clone)
Distance: 64.70815
Strategy: Expert
Generation:	BestFitness	:BestGene1:	BestGene2:
2	0.009835512	-2.138203	-0.9099206
3	0.01117185	-2.138203	1.169457
4	0.01177296	-3.601429	1.169457
5	0.01235247	-2.138203	1.169457
6	0.01278639	-1.331676	3.497547
7	0.01337141	-3.251231	-0.9099206
8	0.01416206	-3.251231	1.169457
9	0.01504734	-3.251231	1.169457
10	0.01681194	-4.654684	4.617982
11	0.01895011	-4.654684	4.617982
12	0.02054945	-3.251231	1.169457
13	0.02340287	-4.554974	2.785964
14	0.02824679	-6.165035	-0.9099206
15	0.03543467	-6.165035	-0.9099206
16	0.04919157	-6.096967	2.500206
17	0.07927761	-6.096967	2.500206
18	0.1768828	-6.096967	2.500206
Enemy: EnemyHigh Variant(Clone)
Distance: 79.09004
Strategy: Expert
Generation:	BestFitness	:BestGene1:	BestGene2:
2	0.01178539	4.069319	0.6698155
3	0.01235163	4.836416	-1.496492
4	0.01353121	4.325755	3.317157
5	0.01375628	0.7273096	0.7101119
6	0.01438296	2.62692	0.7101119
7	0.01546478	1.018053	4.991971
8	0.01664162	1.018053	4.991971
9	0.0218941	2.62692	-0.5512393
10	0.04136908	1.276829	4.876972
Enemy: EnemyExpert
Distance: 33.40617
Strategy: Expert
Generation:	BestFitness	:BestGene1:	BestGene2:
2	0.01178539	4.069319	0.6698155
3	0.01235163	4.836416	-1.496492
4	0.01353121	4.325755	3.317157
5	0.01375628	0.7273096	0.7101119
6	0.01438296	2.62692	0.7101119
7	0.01546478	1.018053	4.991971
8	0.01664162	1.018053	4.991971
9	0.0218941	2.62692	-0.5512393
10	0.04136908	1.276829	4.876972
Enemy: EnemyExpert
Distance: 33.40617
Strategy: Expert11	0	1.276829	4.876972

Generation:	BestFitness	:BestGene1:	BestGene2:
2	0.01055062	-3.339437	-1.447904
3	0.01247242	-4.915609	-0.4996777
4	0.01350939	-5.210398	-0.04549116
5	0.01472607	-5.210398	-0.04549116
6	0.01617313	-5.210398	-0.04549116
7	0.01696021	-1.010058	-5.655165
8	0.01926542	-5.210398	-3.400028
9	0.02216801	-5.210398	-3.400028
10	0.02591104	-5.210398	-3.400028
11	0.03090635	-5.210398	-2.150834
12	0.03854886	-5.206232	1.133677
13	0	-5.206232	1.133677
14	0	7.46664	0.8386722
15	0	-3.876977	1.738791
16	0.03162653	0.2263051	1.188425
17	0	0.2263051	1.188425
18	0	-4.013053	5.227873
19	0	-0.06984293	6.270981
20	0	-4.150924	2.68491
21	0	-5.506329	-3.155087
22	0	2.196359	-1.447725
23	0	6.574099	7.081918
24	0	-0.5096895	4.028724
25	0	0.6779659	0.9639207
26	0	6.301298	5.184579
27	0	-7.23356	7.301426
28	0	5.373177	-3.973271
29	0	3.848526	0.5958983
30	0	6.627375	1.993005
31	0	-0.1621082	-2.556787
32	0	1.432476	-1.492907
33	0	3.031655	1.375487
34	0	-3.295797	-3.852026
35	0	-3.142376	-6.811035
36	0	-1.827987	-1.796606
37	0	2.210171	1.647134
38	0	-6.049052	1.664635
39	0	-4.259302	-5.103992
40	0	-0.1866585	6.277614
41	0	5.499638	-7.175145
42	0	-3.783375	2.606464
43	0	-2.692509	1.612926
44	0	2.613633	0.5208331
45	0	4.833408	0.9742212
46	0	1.771915	3.047481
47	0	-4.079638	-3.966579
48	0	0.648289	5.416099
49	0	2.461152	-4.968132
50	0	-6.249733	4.729173
51	0	5.622342	2.870226
52	0	-3.187135	-1.397009
53	0	-1.189227	-4.225216
54	0	6.483327	0.6030589
55	0	2.072948	6.050587
56	0	0.7064018	-5.857569
57	0	-7.075482	6.096389
58	0	4.064812	-7.361246
59	0	2.736799	-5.471284
60	0	-4.873947	-5.424578
61	0	-0.7849753	3.554931
62	0	2.224565	-5.077326
63	0	4.62555	-7.454033
64	0	5.868091	4.476997
65	0	6.901373	3.223634
66	0	-1.329884	-2.608979
67	0	-0.6557232	1.664486
68	0	4.062971	3.450446
69	0	-5.727965	-1.977143
70	0	6.0423	6.504293
71	0	-1.526725	-0.7181561
72	0	6.784891	-1.538267
73	0	2.353257	6.393904
74	0	-3.720957	-1.207654
75	0	5.324534	-5.670218
76	0	-4.300275	-6.677103
77	0	-4.966966	-6.851717
78	0	-3.923387	0.1730749
79	0	-5.834766	-0.06216109
80	0	2.966363	-3.425499
81	0	-4.820445	5.847148
82	0	6.775429	3.291543
83	0	3.241111	-6.170623
84	0	-6.096774	-5.443917
85	0	-2.031596	5.637269
86	0	4.281209	-7.335203
87	0	6.534065	7.155825
88	0	-4.232592	2.078871
89	0	-5.169161	-4.775844
90	0	6.399035	7.191522
91	0	-3.8121	-6.218734
92	0	-1.288125	-2.989777
93	0	-0.2979174	-1.181931
94	0	-4.463078	-5.16604
95	0	2.55907	7.112889
96	0	-5.98586	5.170551
97	0	-1.250502	-0.116896
98	0	3.424822	-5.477063
99	0	-3.98942	6.37071
100	0	5.202834	-1.757621
101	0	6.949506	-1.996841
102	0	3.932045	6.961953
103	0	2.483661	1.717578
104	0	5.600213	5.842686
105	0	6.894438	-6.836684
106	0	2.617626	-2.51035
107	0	-6.628915	-0.6075239
108	0	4.229083	6.376726
109	0	1.672534	-0.06788135
110	0	0.9229749	-7.020297
111	0	-1.395343	-1.821392
112	0	5.48598	2.32449
113	0	-2.275271	-0.9347999
114	0	5.000951	6.45671
115	0	5.002442	-7.2984
116	0	5.16869	-0.8655399
117	0	4.863091	1.097958
118	0	1.553919	-3.866217
119	0	2.316846	4.682306
120	0	3.729664	-5.25013
121	0	-2.1637	6.531672
122	0	1.422746	-5.622742
123	0	-6.946711	1.463408
124	0	4.750412	2.48282
125	0	-2.571365	-6.890155
126	0	-3.491925	0.6681365
127	0	-3.512463	7.213284
128	0	-0.5596653	0.6156456
129	0	3.364585	0.030047
130	0	7.381997	3.745161
131	0	-4.578786	6.855555
132	0	0.3931484	-3.366773
133	0	4.55152	-7.415593
134	0	-7.326201	-2.891672
135	0	3.616158	1.403049
136	0	6.11393	-5.806694
137	0	-5.695483	0.4548499
138	0	3.234474	-1.30214
139	0	-1.903576	4.744848
140	0	-5.060698	-0.158726
141	0	1.526177	-0.5686337
142	0	5.761867	-5.343226
143	0	-4.990159	-5.401022
144	0	-2.057572	6.17977
145	0	-2.074211	-4.223076
146	0	-5.236905	-2.903202
147	0	-0.02584845	-1.497247
148	0	-3.614582	-5.596328
149	0	6.641944	2.877304
150	0	-7.192662	-1.78105
151	0	-6.975449	-6.328527
152	0	5.992293	3.331664
153	0	5.276421	-0.909723
154	0	-0.2891144	-0.7929531
155	0	3.405863	-5.091577
156	0	-3.36871	7.313448
157	0	5.752117	-0.9363601
158	0	1.85828	2.481172
159	0	7.182131	-4.914711
160	0	-0.8182123	2.461325
161	0	5.852779	3.728233
162	0	-1.669821	5.662858
163	0	-6.074317	-3.45659
164	0	0.6682706	-5.851471
165	0	-1.232744	-6.416169
166	0	-0.5795932	3.644797
167	0	-1.226701	-1.847325
168	0	-5.069123	-1.414335
169	0	6.072647	-7.175032
170	0	5.590416	1.076926
171	0	-0.9808704	1.304645
172	0	-0.5110833	2.347179
173	0	5.229816	6.023562
174	0	6.916117	-1.696773
175	0	0.4002249	-6.331553
176	0	-5.390074	-3.888733
177	0	0.8738539	4.788918
178	0	-4.619559	-4.533203
179	0	-2.754749	-1.488891
180	0	-4.176333	-2.325284
181	0	-4.814025	4.300793
182	0	-2.299707	4.407236
183	0	-5.357044	7.088119
184	0	2.035676	-1.734453
185	0	-5.616242	-4.436058
186	0	5.307611	6.852946
187	0	-0.9083185	-6.024824
188	0	-3.068405	3.583355
189	0	-4.623395	-4.562587
190	0	-3.454907	7.100566
191	0	5.08774	5.577302
192	0	5.125943	6.194555
193	0	4.673657	5.095661
194	0	2.894317	1.433465
195	0	4.73527	1.164082
196	0	-1.03094	-5.115786
197	0	2.747316	0.1955742
198	0	-1.518753	6.071163
199	0	3.618648	3.863658
200	0	5.851818	1.173217
201	0	6.218074	-2.846888
202	0	2.87439	2.909449
203	0	3.56337	-5.966354
204	0	-4.707368	6.787409
205	0	4.766347	7.428568
206	0	-3.586022	7.039718
207	0	0.7348403	4.882231
208	0	0.1754987	-5.092963
209	0	-0.6392214	-0.08388609
210	0	-5.983965	-7.25349
211	0	-3.735491	1.397055
212	0	1.459216	1.913374
213	0	1.385599	-2.457719
214	0	6.272115	0.7046306
215	0	2.44988	2.120671
216	0	-3.67273	3.796295
217	0	-5.758994	-6.302948
218	0	2.497364	-0.9321284
219	0	6.207914	0.9663337
220	0	-1.752465	-1.375282
221	0	4.035308	-6.457988
222	0	-6.427772	-3.593134
223	0	-5.899929	6.871778
224	0	-3.591278	3.885219
225	0	6.235981	7.005314
226	0	-6.324966	6.904382
227	0	3.034699	-2.1726
228	0	-5.657162	0.6941316
229	0	0.9425175	6.8145
230	0	-4.414924	-3.928043
231	0	-6.412939	2.797026
232	0	-1.69921	-2.131557
233	0	-0.2016932	-1.16212
234	0	6.320645	2.857219
235	0	3.694146	7.129521
236	0	-3.017628	1.801954
237	0	7.125134	-2.150528
238	0	6.205299	-2.952599
239	0	7.489163	-2.669082
240	0	1.604171	3.701659
241	0	2.655538	-1.09145
242	0	-6.952943	3.109591
243	0	2.495833	6.757394
244	0	-1.07153	-4.964903
245	0	-2.792922	-0.8541593
246	0	5.523677	-0.4313475
247	0	-6.601145	6.246017
248	0	-3.676433	2.848311
249	0	-3.402954	-7.410284
250	0	-4.94203	-3.173179
251	0	-5.167631	-4.010707
252	0	-5.540335	5.008145
253	0	-3.572983	-6.668191
254	0	1.227527	5.410843
255	0	0.08497775	-0.5193955
256	0	3.640167	4.266802
257	0	-2.676908	3.21397
258	0	5.189866	3.335297
259	0	-4.777085	-6.203128
260	0	0.9267184	-3.592828
261	0	4.765405	-1.967086
262	0	0.361889	2.057829
263	0	6.571662	-3.582564
264	0	-7.320376	0.9375241
265	0	7.145841	3.807403
266	0	0.1498613	-0.4002115
267	0	3.954811	7.25676
268	0	-1.887611	1.402945
269	0	1.818099	6.983662
270	0	-2.287865	6.517392
271	0	2.89163	7.289458
272	0	7.481594	4.426281
273	0	5.496945	-4.017631
274	0	1.676702	-4.426967
275	0	5.39633	4.361289
276	0	-4.461237	-5.769257
277	0	0.2753413	4.7984
278	0	2.974364	-0.8916655
279	0	-6.782553	-5.738129
280	0	0.4751533	1.167764
281	0	6.102792	2.308182
282	0	4.445572	-2.872215
283	0	5.014174	1.432888
284	0	-4.212008	-0.296765
285	0	-6.188139	1.427801
286	0	-5.287214	5.929205
287	0	0.6912562	5.508236
288	0	-5.182876	-5.582501
289	0	-4.877806	-6.927213
290	0	-5.402337	-4.201346
291	0	-2.916983	7.13683
292	0	0.1332182	3.081225
293	0	0.4618353	2.117208
294	0	2.351591	3.767143
295	0	-4.994364	4.881467
296	0	0.06952286	4.83216
297	0	0.9135917	-6.076154
298	0	2.613623	4.520705
299	0	2.829464	-7.451114
300	0	-0.7928807	6.408265
301	0	3.809956	3.452121
302	0	-2.549378	-4.073564
303	0	5.195869	-5.358112
304	0	-3.288922	2.067419
305	0	3.310241	1.450203
306	0	-0.4674804	0.3035554
307	0	-0.2720556	6.084447
308	0	1.937009	5.225554
309	0	-4.544788	3.341496
310	0	4.170755	0.6804943
311	0	-6.232498	-5.384946
312	0	-5.817215	-5.935459
313	0	-2.434036	-0.8741122
314	0	1.079891	0.8792067
315	0	-3.733587	-1.245562
316	0	-4.069604	1.77992
317	0	7.062307	6.805942
318	0	3.516886	-3.092978
319	0	1.659511	6.121054
320	0	1.761048	-4.831047
321	0	4.411122	1.704773
322	0	7.092621	1.372338
323	0	-5.340823	-4.068112
324	0	6.664236	-7.037776
325	0	7.210655	4.858374
326	0	2.153998	4.961745
327	0	6.613639	3.926714
328	0	4.640962	-6.954386
329	0	-0.7056552	5.289273
330	0	2.741458	7.089543
331	0	-4.137359	-4.900589
332	0	5.59929	4.598733
333	0	5.083366	-4.913864
334	0	7.475714	-2.673331
335	0	-3.767976	-3.877406
336	0	0.5498144	-2.040131
337	0	0.2609503	0.632388
338	0	7.254378	3.449634
339	0	1.0284	2.583307
340	0	2.807925	1.494716
341	0	-4.923631	-6.570331
342	0	-1.299078	-2.17346
343	0	-1.936289	2.088563
344	0	-6.701494	-4.390792
345	0	-6.904937	0.8214355
346	0	-4.323315	2.737957
347	0	-2.066269	0.1399326
348	0	-1.688873	-6.271248
349	0	3.399025	-0.1061413
350	0	-7.25849	3.650968
351	0	0.3087142	5.197715
352	0	0.1732081	-3.961178
353	0	-6.909351	-4.913005
354	0	6.368823	2.548331
355	0	1.816923	-0.9481484
356	0	-0.2644363	-3.843581
357	0	6.718229	-7.046917
358	0	-5.602869	5.696939
359	0	7.17629	1.421574
360	0	6.689258	-0.9681666
361	0	5.934405	0.7487708
362	0	-5.694792	6.675916
363	0	-3.508191	-3.381114
364	0	-1.51713	-5.635977
365	0	5.973183	0.5009705
366	0	-7.226379	3.950567
367	0	-6.125301	-2.453413
368	0	0.941231	-2.909043
369	0	3.423128	-7.149063
370	0	-0.3283748	1.574354
371	0	-5.114458	-1.479724
372	0	-5.73673	2.043134
373	0	4.974755	-0.692727
374	0	-6.267134	-6.171519
375	0	-5.494525	-2.156611
376	0	0.8585921	2.344105
377	0	6.827478	-6.487723
378	0	-3.559437	-2.947189
379	0	4.746142	-5.560989
380	0	5.930788	2.280633
381	0	3.417363	3.605259
382	0	6.038999	-3.726551
383	0	5.882753	-6.531634
384	0	4.039704	5.363461
385	0	5.161441	7.277643
386	0	1.411546	6.554344
387	0	3.731988	-2.557734
388	0	2.985964	-2.016046
389	0	5.21864	0.4519951
390	0	-1.270544	-6.034347
391	0	4.792715	-3.504154
392	0	-0.4213098	6.997224
393	0	7.215969	2.879658
394	0	7.313838	-5.247692
395	0	-0.5702609	-1.504809
396	0	-2.195148	3.285659
397	0	6.190378	-5.425821
398	0	3.507312	-7.022091
399	0	-3.439731	6.853944
400	0	6.553485	-3.505001
401	0	3.634214	2.68513
402	0	0.462521	0.8608273
403	0	-6.997129	6.042228
404	0	3.770451	-7.320222
405	0	2.435138	2.630173
406	0	-2.931982	1.706364
407	0	1.927185	-4.705772
408	0	0.6083027	-5.583159
409	0	1.238092	0.5958402
410	0	-3.685242	6.61672
411	0	5.845842	-7.065057
412	0	4.909026	4.773648
413	0.04933581	-7.218215	-5.185637
414	0.08742438	-7.182983	5.286272
415	0.2398439	-3.568208	-1.500198
Enemy: EnemyHigh Variant(Clone)
Distance: 86.25777
Strategy: Expert
Generation:	BestFitness	:BestGene1:	BestGene2:
2	0.01072574	-2.665859	2.789103
3	0.01140928	-3.034667	4.066634
4	0.01194072	-1.687944	4.369022
5	0.01259363	-2.665859	2.789103
6	0.01343393	-4.290343	-0.7699412
7	0.01461828	-3.578248	4.369022
8	0.0159663	-3.578248	4.369022
9	0.01640952	-1.438727	-0.2428991
10	0.01707971	-1.438727	2.700161
11	0.01892185	-4.503362	-0.2428991
12	0.0198524	-2.06094	-0.2428991
13	0.02087772	-1.438727	3.708418
14	0.0240171	-4.623452	2.700161
15	0.02802432	-4.623452	2.700161
16	0.03367758	-4.623452	-1.858683
17	0.03368771	-0.07682145	-0.2428991
18	0.03375649	-0.07682145	-0.2428991
19	0.03386164	-0.07682145	-0.2428991
20	0.03404367	-0.07682145	0.851438
21	0	-0.07682145	0.851438
22	0	-4.286365	4.419532
23	0	-4.67771	2.777476
24	0	1.738503	-4.493494
25	0	-3.441541	2.3372
26	0	0.8048749	0.1581496
27	0	0.357433	-0.1717049
28	0	3.305292	-3.648708
29	0	4.320627	2.964459
30	0	-1.680574	-1.617962
31	0	4.097933	-0.6128585
32	0	1.097832	-2.183802
33	0	4.191956	4.091065
34	0	-3.064599	1.573687
35	0	-2.013135	-4.918312
36	0	2.541898	-4.923662
37	0	-1.796354	-0.7501674
38	0	3.096094	-1.109709
39	0	4.335279	-1.992142
40	0	4.69359	1.434397
41	0	4.524194	1.446815
42	0	-0.3830737	4.660327
43	0	-0.0200963	-4.8143
44	0	2.79102	-2.768103
45	0	1.40275	0.6307983
46	0	1.433285	-4.284527
47	0	-3.494237	-2.16358
48	0	-4.410252	-4.455203
49	0	-2.885157	-2.829722
50	0	-2.188257	-2.594998
51	0	4.817348	3.654495
52	0	1.793146	-3.734316
53	0	3.913637	0.1514411
54	0	4.458833	-1.769629
55	0	-1.717003	2.987631
56	0	-4.223216	4.318027
57	0	-2.70579	4.206056
58	0	-4.315469	4.922256
59	0	-0.9702682	2.200083
60	0	4.835327	-0.4756916
61	0	-0.04426837	2.390157
62	0	3.89011	0.01506865
63	0	-2.723509	2.863205
64	0	3.128536	1.295722
65	0	-0.5544406	2.861797
66	0	3.38219	-0.5531037
67	0	-4.228753	1.39235
68	0	2.084908	4.247179
69	0	-2.972041	3.83076
70	0	-1.600335	2.459311
71	0	-4.962453	-2.164403
72	0	0.1584154	-1.974966
73	0	-2.758341	-3.626191
74	0	-2.685077	3.102729
75	0	-3.239363	0.6000745
76	0	3.434548	2.34809
77	0	1.38602	4.129526
78	0	-1.071081	3.494313
79	0	1.922514	2.525527
80	0	2.789608	2.790171
81	0	-2.591113	2.714961
82	0	1.908098	1.743188
83	0	3.002725	-0.909431
84	0	3.624022	0.04531562
85	0	-2.44403	0.6619918
86	0	-4.303188	3.747927
87	0	0.5926663	3.114507
88	0	-4.093721	-1.854548
89	0	0.1048571	-2.77038
90	0	-1.430618	2.187429
91	0	0.8013839	1.082324
92	0	-3.837224	4.590294
93	0	4.131213	-3.555219
94	0	-0.3872454	2.805454
95	0	4.168675	3.974081
96	0	2.125685	1.542208
97	0	3.9288	-1.71343
98	0	1.712631	1.007996
99	0	-0.7116503	-4.322334
100	0	-2.185365	-0.3302747
101	0	-3.742938	-0.06896496
102	0	4.308994	-1.319789
103	0	-1.600574	3.737135
104	0	-1.690446	1.247185
105	0	-1.328683	3.887267
106	0	0.4702687	-3.55282
107	0	3.286159	1.989959
108	0	-3.831689	-0.7347542
109	0	-3.672567	-4.29614
110	0	-1.792526	-0.7837081
111	0	-3.629413	-4.830051
112	0	3.317072	2.981788
113	0	-3.674297	-4.116688
114	0	-0.5670559	-0.7637048
115	0	-4.246922	1.133245
116	0	-4.507107	-2.335942
117	0	-3.123778	1.014799
118	0	-4.681207	-3.561527
119	0	2.124685	-3.598594
120	0	-1.672614	-1.908787
121	0	1.889404	-2.304991
122	0	3.101507	-0.2145797
123	0	-2.859282	-0.6769818
124	0	0.8452737	3.822271
125	0	4.024877	4.001886
126	0	0.1443595	-4.901199
127	0	-0.53572	1.179002
128	0	4.461609	-4.761616
129	0	-1.684059	3.260925
130	0	-3.075161	0.7473814
131	0	3.724675	3.55181
132	0	3.24217	-3.497407
133	0	-1.499042	1.447487
134	0	4.598121	-4.937801
135	0	3.45932	-3.92108
136	0	3.804525	-0.4192621
137	0	0.01679659	-1.639734
138	0	0.9009081	-4.173047
139	0	-2.667758	3.637782
140	0	4.871634	-1.527689
141	0	-3.6958	1.577161
142	0	-0.09578764	-4.828483
143	0	2.601807	0.6940585
144	0	-0.2604681	2.536149
145	0	-0.9692448	-1.268686
146	0	0.3427702	4.805995
147	0	-2.979425	-2.347354
148	0	-4.532454	-4.076354
149	0	-0.2840364	4.27501
150	0	1.6725	1.09726
151	0	-0.4067039	1.094396
152	0	2.476665	0.6780487
153	0	-3.469111	-0.05352199
154	0	-2.673408	-1.42313
155	0	4.730597	-2.548222
156	0	-1.936286	0.2276713
157	0	4.928141	-2.887337
158	0	0.2677578	-0.8978897
159	0	0.06972969	-1.904784
160	0	-1.305513	-4.04145
161	0	-1.485262	3.200404
162	0	-3.148834	-4.889721
163	0	-3.821023	-4.220992
164	0	-2.247948	-0.3395295
165	0	4.585207	3.915861
166	0	-0.1952058	0.2347225
167	0	-3.709077	-2.568505
168	0	0.7579613	-3.964266
169	0	-4.247003	-0.41228
170	0	0.348686	0.4504067
171	0	2.116221	3.411364
172	0	-3.078695	0.776903
173	0	-3.924139	-0.3977484
174	0	-3.965748	3.193089
175	0	-0.8361709	-0.5627394
176	0	0.8878225	-1.258682
177	0	3.300699	-2.113542
178	0	-4.352005	-2.143953
179	0	1.553149	-1.844903
180	0	4.11725	-0.2587444
181	0	-2.272264	-3.65351
182	0	2.31706	-4.85254
183	0	-3.76284	-2.449055
184	0	1.847532	4.673009
185	0	1.193932	-4.011161
186	0	0.004631281	-0.7831883
187	0	3.278163	-0.9929729
188	0	2.07058	0.8777553
189	0	2.02925	-4.452614
190	0	-1.60619	3.721871
191	0	-0.9122747	3.182308
192	0	4.967014	0.2121127
193	0	-3.699384	4.291187
194	0	-0.8706081	-3.04555
195	0	0.5132735	0.9946436
196	0	4.617055	0.6412011
197	0	-1.868986	0.04892409
198	0	-3.246487	4.160393
199	0	2.119871	-2.256146
200	0	-1.369756	-1.014392
201	0	2.47979	-3.323877
202	0	2.993902	0.08172452
203	0	-0.6327718	-3.073527
204	0	4.88261	0.6154096
205	0	-4.340694	0.004051328
206	0	-4.940363	-2.474322
207	0	-4.590645	-1.864455
208	0	4.899263	1.064715
209	0	1.563703	-1.59088
210	0	4.061182	4.742165
211	0	-0.6932461	3.866823
212	0	-0.6932461	-1.405963
213	0	-1.621077	2.043386
214	0	4.662182	1.983928
215	0	1.836653	3.558167
216	0	2.628948	2.804971
217	0	3.890721	-2.630206
218	0	3.964379	-4.970026
219	0	-2.111931	2.081448
220	0	1.097746	-1.426714
221	0	-1.418749	1.256351
222	0	-4.347389	4.295389
223	0	1.675589	0.03842652
224	0	2.183162	2.637234
225	0	3.483556	-2.450658
226	0	-3.289437	-4.741093
227	0	2.105376	-0.2623838
228	0	-2.596914	4.877468
229	0	1.567725	1.361273
230	0	1.056711	4.159024
231	0	2.257793	-1.717202
232	0	-3.93536	4.607233
233	0	-1.219596	3.966866
234	0	-0.71006	3.697145
235	0	-1.153193	0.4707766
236	0	-2.394421	0.7261199
237	0	4.919048	-2.195152
238	0	-2.653858	0.07804573
239	0	-2.971223	4.767525
240	0	-0.6669396	3.480097
241	0	-3.826065	3.678839
242	0	3.209717	2.9459
243	0	0.1721823	2.622281
244	0	0.07279932	-0.001190901
245	0	-4.009453	1.295306
246	0	4.373103	-3.110829
247	0	-3.125639	-1.736217
248	0	0.08094609	-3.426899
249	0	3.101851	-2.892719
250	0	-0.3503424	-2.353744
251	0	3.170679	-2.990293
252	0	1.832601	1.603711
253	0	1.538697	1.898262
254	0	-1.730649	3.529907
255	0	2.293344	1.383405
256	0	2.476758	4.288096
257	0	1.050651	1.582262
258	0	-4.328881	-3.101622
259	0	-0.2307343	0.542649
260	0	3.500484	3.31479
261	0	2.487744	4.059944
262	0	0.831154	-3.972649
263	0	3.131127	0.3566062
264	0	4.527913	4.655504
265	0	2.255059	-1.772595
266	0	2.286072	-0.6677282
267	0	-4.311111	-1.487208
268	0	4.886075	-3.404867
269	0	-2.637148	-3.644837
270	0	-4.737444	-3.00265
271	0	0.5643731	-3.069794
272	0	0.04300952	3.360831
273	0	-4.344554	-1.885182
274	0	0.4083985	-3.564982
275	0	-3.565801	2.854321
276	0	3.839033	4.032276
277	0	-4.111392	-2.331854
278	0	-0.3431606	-4.463432
279	0	-3.243506	-3.920569
280	0	-3.781705	3.446451
281	0	3.81613	-2.644876
282	0	2.821868	4.513886
283	0	3.506477	1.496621
284	0	2.94743	-4.137436
285	0	-4.066457	-2.438355
286	0	-2.854705	2.626221
287	0	0.2926558	0.7235914
288	0	-0.7343763	2.31026
289	0	0.1945323	-1.502863
290	0	-0.593335	2.076242
291	0	-3.91656	-2.831492
292	0	4.989126	-4.549644
293	0	3.177048	-4.569614
294	0	-4.113958	4.375821
295	0	-3.189536	3.902387
296	0	-2.977649	-0.7783842
297	0	-1.781145	2.642871
298	0	-4.986196	4.632941
299	0	1.517011	-0.5305308
300	0	4.830284	4.660921
301	0	-4.078112	3.190319
302	0	3.479028	-0.1496083
303	0	2.954166	1.529602
304	0	2.364893	-0.4532868
305	0	0.8976275	3.211422
306	0	0.5615324	-4.0839
307	0	-1.828496	0.05861521
308	0	-3.18639	-4.102561
309	0	2.944902	0.9112763
310	0	0.5855107	1.881758
311	0	2.486166	-4.927337
312	0	-0.2485603	-3.307636
313	0	3.333049	-1.317706
314	0	0.8630133	4.755988
315	0	-3.288533	-2.013827
316	0	0.7158738	3.850616
317	0	-1.2463	-0.7387733
318	0	-4.22646	-3.145603
319	0	4.50665	0.2613372
320	0	-1.422453	-0.3658938
321	0	-3.629734	-3.109788
322	0	-2.681238	0.7969981
323	0	-1.416763	2.078818
324	0	-0.6968439	3.035699
325	0	-0.6341028	2.215408
326	0	-0.2368426	3.936572
327	0	3.575086	-4.718366
328	0	0.6630421	-3.373331
329	0	-2.451732	3.127527
330	0	-4.60032	-1.130425
331	0	2.279944	2.902012
332	0	-2.041925	-3.532702
333	0	-1.317811	2.95327
334	0	-1.695372	2.05425
335	0	-0.5673391	3.693227
336	0	0.1287788	-3.316098
337	0	0.08262992	-2.641425
338	0	0.381999	-1.938245
339	0	-2.302876	-2.122003
340	0	3.512836	4.203796
341	0	2.939474	-0.753668
342	0	-0.2264786	-1.08502
343	0	-0.2173108	2.005636
344	0	-3.06356	-1.709358
345	0	-0.1641279	-4.512469
346	0	2.852739	4.047436
347	0	-2.327167	-3.304996
348	0	-3.201921	1.153536
349	0	0.8646494	4.741732
350	0	-2.187387	-4.649399
351	0	-3.732059	4.591154
352	0	-1.377839	-1.736337
353	0	0.3171563	-2.07461
354	0	3.189678	0.5644166
355	0	2.337186	2.126533
356	0	-2.619002	-3.238225
357	0	2.47078	3.591634
358	0	2.749661	-0.3156453
359	0	-2.272317	-1.614396
360	0	4.187215	-4.009786
361	0	-2.799858	4.739235
362	0	4.433106	-0.3961027
363	0	0.1436979	4.017093
364	0	-4.890131	3.933663
365	0	1.014259	2.517962
366	0	-0.9050041	2.697257
367	0	-2.094197	-1.102388
368	0	0.09086907	3.178835
369	0	1.519621	-4.368761
370	0	0.3381091	-0.1149976
371	0	1.880291	-3.756555
372	0	-1.963179	-2.904016
373	0	3.465831	-2.679163
374	0	4.027569	-0.6535178
375	0	-2.573067	-1.240662
376	0	-4.712956	-2.005515
377	0	-0.4715782	3.790311
378	0	-1.408747	0.05465388
379	0	-2.910186	3.375994
380	0	4.0955	-2.169047
381	0	-2.814702	2.327163
382	0	-3.084397	-2.930087
383	0	3.415719	-3.073462
384	0	-4.20341	3.231297
385	0	0.5049759	0.5078089
386	0	2.397485	1.162091
387	0	0.08256078	-0.8002383
388	0	-1.993189	2.208715
389	0	-1.500677	3.872114
390	0	-3.109915	-4.752038
391	0	-4.551968	1.850052
392	0	-4.843983	-0.3643107
393	0.04316294	-4.869792	-2.40169
394	0.05651343	-4.869792	-2.40169
395	0.08602166	-4.869792	0.4599953
396	0.09051788	-0.1505876	0.9956205
397	0	-0.1505876	0.9956205
398	0	-3.36671	2.344581
399	0	1.521969	-1.94452
400	0.09083486	-0.1949328	-0.3441006
401	0.09122896	-0.1949328	-0.3441006
402	0.09675562	-0.6514502	-0.3441006
403	0.1064652	-0.1949328	1.615476
404	0	-0.1949328	1.615476
405	0	2.074065	-1.928599
406	0	1.009842	-2.879679
407	0	0.9114057	-0.6163478
408	0	-4.541698	3.888889
409	0	1.985826	-2.480854
410	0	-1.673192	1.75031
411	0	-2.537101	-3.411016
412	0	-2.489112	4.412234
413	0	1.12682	2.693656
414	0	2.750921	1.353952
415	0	-4.84554	-0.8705837
416	0	3.838181	-0.410639
417	0	4.479527	-2.340126
418	0	1.269792	3.547148
419	0	-0.0416404	1.029006
420	0	0.9967637	-0.04667044
421	0	4.15782	-4.745012
422	0	4.016261	-0.3951573
423	0	2.875293	3.133149
424	0	1.009709	-2.37206
425	0	-0.03160536	3.777566
426	0	-1.578336	3.612858
427	0	-4.465706	4.322006
428	0	-2.601661	2.194788
429	0	-1.135247	4.785972
430	0	0.9524339	-1.968177
431	0	1.860674	-3.893133
432	0	4.602707	3.230574
433	0	-2.925608	0.919131
434	0	3.396165	-1.038417
435	0	-4.469105	0.9805912
436	0	-4.824987	-1.215155
437	0	-1.885674	2.079363
438	0	2.632768	1.627887
439	0	-4.145582	1.149653
440	0	-4.424641	-3.765589
441	0	4.47262	2.463807
442	0	1.112338	-1.700618
443	0	4.281415	0.7522935
444	0	-0.6347632	-4.750805
445	0	-3.331181	2.639416
446	0	1.373216	-3.489401
447	0	-0.6738132	3.530872
448	0	-1.838418	-3.41702
449	0	3.263558	4.381432
450	0	3.413096	-3.418839
451	0	-3.182735	2.761809
452	0	-2.686735	-1.569252
453	0	-2.653503	0.6784755
454	0	-0.1122159	-2.348948
455	0	0.4620188	2.037257
456	0	2.062645	4.638438
457	0	3.252352	2.161367
458	0	3.678331	4.709116
459	0	-4.689866	-2.960574
460	0	-2.57857	-3.601934
461	0	-4.186461	-0.4179525
462	0	-2.884574	-4.881162
463	0	-3.794234	-3.096252
464	0	-3.904527	-3.383098
465	0	1.694041	4.955346
466	0	-3.63035	-1.396542
467	0	-2.120596	1.169044
468	0	2.149357	3.574548
469	0	-4.079967	1.131849
470	0	-4.581602	2.863148
471	0	3.042763	0.6647372
472	0	4.0996	3.826561
473	0	-2.625984	3.321896
474	0	4.370976	0.2248645
475	0	-2.955902	-0.9146279
476	0	1.341994	0.8103502
477	0	2.967509	-0.7600701
478	0	2.775334	2.386986
479	0	0.1680154	-2.959857
480	0	-4.850221	1.396467
481	0	-1.67655	3.241189
482	0	-2.137494	3.7212
483	0	-2.889705	-4.919537
484	0	-4.096589	0.2771586
485	0	4.691123	2.593588
486	0	-3.703253	0.7690793
487	0	-4.846032	-0.9760326
488	0	2.437111	2.1611
489	0	1.779046	2.206102
490	0	-4.927744	-4.967537
491	0	0.9916836	-1.469494
492	0	-3.371602	-1.166031
493	0	-2.793329	-3.49898
494	0	1.854799	-1.773889
495	0	0.4096401	4.080346
496	0	2.724422	-0.7216692
497	0	0.955199	1.075402
498	0	0.2838516	2.551758
499	0	1.752155	-3.036822
500	0	4.470385	0.2518928
501	0	3.770589	-0.9227931
502	0	4.395963	4.863581
503	0	2.363844	2.268994
504	0	-1.056088	-4.571
505	0	-4.908938	-1.830645
506	0	-4.197738	2.665385
507	0	-0.9139383	-3.568886
508	0	1.735379	2.706481
509	0	-4.011233	-4.943829
510	0	4.453356	-1.855875
511	0	3.985671	1.857327
512	0	4.416569	1.529784
513	0	-3.585666	2.058947
514	0	-1.925548	-4.771861
515	0	0.154416	-4.071611
516	0	-4.476141	-0.4985768
517	0	2.52747	4.814907
518	0	-3.489548	1.059142
519	0	0.3581601	-4.425085
520	0	0.4710639	-1.460833
521	0	2.90442	-3.31514
522	0	-2.0028	-1.298912
523	0	0.6779438	4.180913
524	0	-2.588216	0.1208204
525	0	2.600477	1.445551
526	0	1.100105	1.318866
527	0	-2.625301	-1.557557
528	0	0.6683969	4.093922
529	0	-3.088278	0.3912324
530	0	-2.083965	-0.9517509
531	0	-4.914548	0.4059899
532	0	4.845306	0.1139194
533	0	3.749055	-2.574176
534	0	1.683806	2.854303
535	0	-1.822587	-1.214096
536	0	-0.7369691	2.221941
537	0	-4.485703	0.200606
538	0	-1.327785	0.5009145
539	0	1.121802	3.362408
540	0	2.96008	3.050303
541	0	3.794127	0.8305496
542	0	-4.997062	-3.342988
543	0	4.684115	2.937661
544	0	0.612126	1.449321
545	0	-1.728554	4.893744
546	0	1.474391	4.248259
547	0	-1.964249	3.432411
548	0	0.2526534	-0.7928485
549	0	-4.869911	-0.7056576
550	0	-0.9537297	2.562587
551	0	3.19822	2.314438
552	0	-3.176525	-3.400121
553	0	-1.053149	-2.175753
554	0	1.145954	-2.080072
555	0	-1.825754	-4.693724
556	0	-3.772988	-1.306286
557	0	-2.309657	3.281792
558	0	0.2140272	3.935815
559	0	-3.326619	-4.382984
560	0	-1.948427	2.333685
561	0	1.747486	3.327413
562	0	-4.30525	3.968163
563	0	1.363443	0.003795624
564	0	-2.631517	-1.403703
565	0	3.699079	1.407318
566	0	3.292994	3.438282
567	0	-2.225225	3.524683
568	0	-4.327239	0.1243603
569	0	-4.059865	-2.136528
570	0	-3.666954	-3.299711
571	0	1.826404	1.48811
572	0	3.159118	3.018352
573	0	-2.112253	-0.1120615
574	0	1.704062	1.8841
575	0	3.58694	1.683124
576	0	2.520592	-3.73725
577	0	2.759362	-1.324717
578	0	-1.857755	-0.9229195
579	0	4.577925	-2.889454
580	0	-4.593484	2.288935
581	0	-3.912026	-3.004952
582	0	-0.704307	-0.8718824
583	0	4.191905	2.467941
584	0	2.6632	2.253034
585	0	1.413753	2.2322
586	0	-0.7027805	4.538105
587	0	2.534861	4.948107
588	0	3.867214	2.106225
589	0	-2.903841	3.6338
590	0	1.230572	4.555806
591	0	2.72581	1.796736
592	0	-3.371453	-3.606307
593	0	-4.38245	2.815894
594	0	-1.353613	2.967636
595	0	-1.665396	-0.405305
596	0	1.504007	2.120929
597	0	4.13893	-1.368643
598	0	-2.057634	1.608042
599	0	4.108802	1.338604
600	0	2.04998	4.344332
601	0	1.354323	-3.600341
602	0	-4.774229	2.117115
603	0	-1.947038	-3.945675
604	0	1.460161	2.944799
605	0	-4.381188	-4.159468
606	0	1.831697	-1.405394
607	0	2.677585	-3.599638
608	0	-3.383862	-2.018789
609	0	4.583649	-2.018789
610	0	-1.721545	-4.467685
611	0	0.535658	2.683354
612	0	-4.255629	-2.504176
613	0	-4.039387	4.520216
614	0	-2.695011	2.623534
615	0	-2.797603	1.553817
616	0	2.164848	-0.04048049
617	0	1.331123	-3.756823
618	0	1.637341	-4.711209
619	0	-3.893207	1.868227
620	0	4.519624	-2.451796
621	0	-1.226776	4.191568
622	0	-3.197903	4.876935
623	0	-2.285089	-0.02760887
624	0	-2.429664	3.023492
625	0	-4.028058	-3.549914
626	0	-2.683761	-0.1860183
627	0	0.8880162	-0.9223884
628	0	0.8844912	3.688448
629	0	3.431431	2.632034
630	0	-1.028523	3.91115
631	0	3.950265	-0.2185297
632	0	-3.896071	-3.4741
633	0	1.341247	0.8213663
634	0	4.169109	0.7310534
635	0	-0.4685152	1.454113
636	0	1.704075	-4.69174
637	0	-0.2122575	1.773319
638	0	1.864858	-0.692479
639	0	-4.387924	1.381399
640	0	4.078976	-1.80645
641	0	-4.834691	1.296388
642	0	0.7318217	-4.232648
643	0	-3.832068	-3.135033
644	0	-0.4195052	-3.042089
645	0	3.836616	-2.974671
646	0	0.9675801	-1.418727
647	0	-0.6225014	-1.43237
648	0	1.940688	1.722008
649	0	-3.614097	-3.429068
650	0	1.178771	1.351148
651	0	-2.209133	-1.751153
652	0	-2.388244	-1.419683
653	0	0.4527438	4.412055
654	0	1.526972	2.256565
655	0	2.602704	-2.298544
656	0	3.427055	-1.734013
657	0	0.4284978	-3.053062
658	0	-1.868787	-4.181985
659	0	-3.647575	3.628962
660	0	0.004898906	2.881961
661	0	4.59558	-1.698599
662	0	0.03642857	2.209118
663	0	1.18163	-0.4043978
664	0	3.44942	0.8649397
665	0	2.687555	0.4969752
666	0	2.698727	1.020628
667	0	-0.3563333	-2.193008
668	0	-1.260886	4.373618
669	0	-0.7917213	-3.04401
670	0	3.38109	-0.1826876
671	0	2.373075	-3.266277
672	0	3.905459	-4.428217
673	0	4.744102	-4.459335
674	0	-2.213962	-1.246685
675	0	-2.237367	1.219824
676	0	0.8115321	-3.034605
677	0	0.4319346	-0.6195575
678	0	-2.769	0.2022719
679	0	-4.294308	-0.3855205
680	0	-3.304127	0.05839705
681	0	-3.853733	-4.114165
682	0	-2.965872	3.124607
683	0	2.230781	1.895317
684	0	1.399013	-3.342417
685	0	-4.131345	0.3281164
686	0	-0.9720123	2.723641
687	0	4.583371	-3.118293
688	0	-2.956375	-1.799694
689	0	-2.686814	-1.176727
690	0	-1.577233	-3.287504
691	0	-4.926325	-0.0485909
692	0	1.355113	4.749698
693	0	3.605828	4.697388
694	0	3.229525	-3.249214
695	0	1.024039	-4.598822
696	0	-1.543356	-2.72314
697	0	-4.05113	1.623637
698	0	0.6457907	-2.059659
699	0	2.791809	3.773404
700	0	3.154746	2.503422
701	0	-0.3273612	4.286823
702	0	-3.475128	-2.299718
703	0	3.143539	3.698032
704	0	-4.770213	4.65235
705	0	-3.52484	0.0239408
706	0	-2.642648	2.671028
707	0	-0.6411719	-2.685164
708	0	-1.755407	1.796102
709	0	-2.07691	-1.111832
710	0	1.849522	-0.5276406
711	0	-2.752911	-0.2601331
712	0	3.653586	2.958221
713	0	-1.484241	-3.563178
714	0	4.580023	4.586716
715	0	-1.122096	-4.16307
716	0	-3.894181	-0.3199768
717	0	1.233559	-2.217599
718	0	-1.742769	0.9609121
719	0	1.541797	-3.193507
720	0	-4.714453	-0.1881492
721	0	-4.589886	3.328741
722	0	-2.399225	2.981221
723	0	0.9477907	2.346928
724	0	-2.013019	2.564211
725	0	2.105419	1.174757
726	0	4.300015	-2.498863
727	0	-3.352767	4.120038
728	0	-4.698236	-2.462837
729	0	0.6485856	-1.372973
730	0	-4.30749	-2.448003
731	0	-4.928995	1.911554
732	0	2.98339	-3.852269
733	0	-4.0881	1.176527
734	0	3.509692	3.81487
735	0	4.292402	-2.073844
736	0	-0.6364018	3.372961
737	0	2.523962	-3.346488
738	0	0.597226	-3.210363
739	0	4.715383	3.257065
740	0	1.611972	-3.153074
741	0	1.306751	-4.447768
742	0	-1.573098	4.089181
743	0	4.353339	-2.77057
744	0	4.190453	-3.232949
745	0	4.807492	2.06016
746	0	3.928164	-3.523822
747	0	-4.283712	2.7834
748	0	1.884953	-4.574266
749	0	-4.780636	3.293617
750	0	-3.034588	-3.813644
751	0	1.922779	4.708819
752	0	-1.388269	-3.762966
753	0	0.9408784	0.3453517
754	0	-2.769569	1.538148
755	0	0.8928096	-4.968243
756	0	3.026532	-3.887672
757	0	-0.6902283	1.857931
758	0	1.26228	1.145302
759	0	4.997118	-3.146029
760	0	1.303426	3.259025
761	0	0.9203887	-1.904039
762	0	-1.447106	-2.008302
763	0	-1.827733	1.897274
764	0	-3.233933	3.684001
765	0	0.8703488	-4.777464
766	0	-1.664412	4.980012
767	0	-2.298119	-1.06191
768	0	-3.86566	4.87716
769	0	-0.5240315	0.1487803
770	0	-4.402662	3.237848
771	0	-4.180553	-1.377269
772	0	-0.5974799	-3.061555
773	0	-1.85923	4.930287
774	0	-1.868772	3.825976
775	0	-3.365338	0.8435047
776	0	0.4434854	-2.642489
777	0	-1.739372	0.6217092
778	0	2.493094	3.496162
779	0	-1.262464	-4.678226
780	0	-0.6795621	0.04928112
781	0	4.058909	-2.898674
782	0	0.9925902	2.297364
783	0	0.05512655	2.602608
784	0	-0.6495309	3.563776
785	0	1.831749	2.437874
786	0	2.334734	-0.0553602
787	0	4.152927	-0.6588835
788	0	-3.544028	4.910438
789	0	4.509174	-0.6147873
790	0	2.598488	-2.457261
791	0	-2.979616	0.779385
792	0	2.52523	-3.2063
793	0.1059952	-0.03873706	-0.03192127
794	0.1060213	-0.03873706	-0.03192127
795	0.1059961	-0.03873706	-0.03192127
796	0.1059713	-0.03873706	-0.03192127
797	0.105947	-0.03873706	-0.03192127
798	0.1059601	-0.03873706	-0.03192127
799	0.1059346	-0.03873706	-0.03192127
800	0.105915	-0.03873706	-0.03192127
801	0.105893	-0.03873706	-0.03192127
802	0.1058688	-0.03873706	-0.03192127
803	0.1058813	-0.03873706	-0.03192127
804	0.1058563	-0.03873706	-0.03192127
805	0.1058314	-0.03873706	-0.03192127
806	0.1058427	-0.03873706	-0.03192127
807	0.1058758	-0.03873706	-0.01975954
808	0.1058699	-0.03873706	-0.01975954
809	0.106011	-0.03873706	0.002788901
810	0.1060078	-0.03873706	0.002788901
811	0.1060171	-0.03873706	0.002788901
812	0.1060228	-0.03873706	0.002788901
813	0.1060576	-0.03873706	0.002788901
814	0.1060638	-0.03873706	0.002788901
815	0.1060714	-0.03873706	0.002788901
816	0.1061125	-0.03873706	0.002788901
817	0.1061122	-0.03873706	0.002788901
818	0.1061145	-0.03873706	0.002788901
819	0.106114	-0.03873706	0.002788901
820	0.1061445	-0.03873706	0.002788901
821	0.1061438	-0.03873706	0.002788901
822	0.1061411	-0.03873706	0.002788901
823	0.1061752	-0.03873706	0.002788901
824	0.1061708	-0.03873706	0.002788901
825	0.1061692	-0.03873706	0.002788901
826	0.106195	-0.03873706	0.002788901
827	0.1061883	-0.03873706	0.002788901
828	0.1061857	-0.03873706	0.002788901
829	0.1061931	-0.03873706	0.002788901
830	0.1061901	-0.03873706	0.002788901
831	0.1062156	-0.03873706	0.002788901
832	0.1068754	-0.08601069	0.002788901
833	0.106867	-0.08601069	0.002788901
834	0.1068844	-0.08601069	0.002788901
835	0.1069338	-0.08601069	0.002788901
836	0.106949	-0.08601069	0.002788901
837	0.106962	-0.08601069	0.002788901
838	0.1070068	-0.08601069	0.002788901
839	0.107018	-0.08601069	0.002788901
840	0.1070319	-0.08601069	0.002788901
841	0.1070704	-0.08601069	0.002788901
842	0.1070985	-0.08601069	0.002788901
843	0.1071153	-0.08601069	0.002788901
844	0.1071271	-0.08601069	0.002788901
845	0.1071666	-0.08601069	0.002788901
846	0.107177	-0.08601069	0.002788901
847	0.1071858	-0.08601069	0.002788901
848	0.1072065	-0.08601069	0.002788901
849	0.1072444	-0.08601069	0.002788901
850	0.1072533	-0.08601069	0.002788901
851	0.1072612	-0.08601069	0.002788901
852	0.1073006	-0.08601069	0.002788901
853	0.1073096	-0.08601069	0.002788901
854	0.1073526	-0.08601069	0.002788901
855	0.1074122	-0.08601069	0.002788901
856	0.1074419	-0.08601069	0.002788901
857	0.1074905	-0.08601069	0.002788901
858	0.1075259	-0.08601069	0.002788901
859	0.1075798	-0.08601069	0.002788901
860	0.1076065	-0.08601069	0.002788901
861	0.1076382	-0.08601069	0.002788901
862	0.1076885	-0.08601069	0.002788901
863	0.1077124	-0.08601069	0.002788901
864	0.1077338	-0.08601069	0.002788901
865	0.1077791	-0.08601069	0.002788901
866	0.1078618	-0.08601069	0.01505733
867	0.1078798	-0.08601069	0.01505733
868	0.107929	-0.08601069	0.01505733
869	0.1079479	-0.08601069	0.01505733
870	0.1079708	-0.08601069	0.01505733
871	0.1080128	-0.08601069	0.01505733
872	0.1080313	-0.08601069	0.01505733
873	0.108068	-0.08601069	0.01505733
874	0.1080989	-0.08601069	0.01505733
875	0.10814	-0.08601069	0.01505733
876	0.1081579	-0.08601069	0.01505733
877	0.1081798	-0.08601069	0.01505733
878	0.108196	-0.08601069	0.01505733
879	0.1082329	-0.08601069	0.01505733
880	0.1082472	-0.08601069	0.01505733
881	0.108283	-0.08601069	0.01505733
882	0.1082983	-0.08601069	0.01505733
883	0.108312	-0.08601069	0.01505733
884	0.10835	-0.08601069	0.01505733
885	0.1083626	-0.08601069	0.01505733
886	0.1084002	-0.08601069	0.01505733
887	0.1084533	-0.08601069	0.01505733
888	0.1085213	-0.08601069	0.01505733
889	0.1085622	-0.08601069	0.01505733
890	0.1086047	-0.08601069	0.01505733
891	0.1086445	-0.08601069	0.01505733
892	0.1086994	-0.08601069	0.01505733
893	0.1087278	-0.08601069	0.01505733
894	0.1087887	-0.08601069	0.01505733
895	0.1088187	-0.08601069	0.01505733
896	0.1088706	-0.08601069	0.01505733
897	0.1088976	-0.08601069	0.01505733
898	0.108928	-0.08601069	0.01505733
899	0.1089737	-0.08601069	0.01505733
900	0.1090006	-0.08601069	0.01505733
901	0.1090463	-0.08601069	0.01505733
902	0.109073	-0.08601069	0.01505733
903	0.1091182	-0.08601069	0.01505733
904	0.1091406	-0.08601069	0.01505733
905	0.1091648	-0.08601069	0.01505733
906	0.1092066	-0.08601069	0.01505733
907	0.1092302	-0.08601069	0.01505733
908	0.1092514	-0.08601069	0.01505733
909	0.109291	-0.08601069	0.01505733
910	0.1093135	-0.08601069	0.01505733
911	0.1093355	-0.08601069	0.01505733
912	0.1093593	-0.08601069	0.01505733
913	0.1094071	-0.08601069	0.01505733
914	0.1094282	-0.08601069	0.01505733
915	0	-0.08601069	0.01505733
916	0	1.181573	1.009043
917	0	-4.605727	-2.385943
918	0	-1.177461	4.586611
919	0	-4.326046	1.9735
920	0	-0.947113	2.961507
921	0	-1.203173	4.17749
922	0	-4.547133	1.459627
923	0	2.948609	2.539792
924	0	-0.4567969	-3.444295
925	0	-4.136341	-3.175192
926	0	0.7608926	2.35557
927	0	0.03480136	4.293147
928	0	3.756965	1.033094
929	0	-3.542862	2.874454
930	0	-4.039744	1.685704
931	0	0.4953939	-3.338712
932	0	-3.589583	-2.369846
933	0	4.481345	4.012585
934	0	-3.8629	1.542035
935	0	1.115728	0.4964
936	0	-1.367457	-0.784604
937	0	1.386124	-0.9599966
938	0	1.267545	1.017272
939	0	4.326768	-3.761577
940	0	3.671927	-2.848414
941	0	1.214277	3.94513
942	0.3775983	-4.714299	3.596471
Enemy: EnemyExpert Variant(Clone)
Distance: 90.00349
Strategy: Expert
Generation:	BestFitness	:BestGene1:	BestGene2:
2	0.01290226	4.574545	-2.134144
3	0.0139358	4.574545	-2.134144
4	0.01504242	4.272195	-1.6845
5	0.01655126	4.479837	2.923201
6	0.01844001	4.725783	2.25585
7	0.02077234	4.725783	0.4855984
8	0.02376986	4.725783	0.4855984
9	0.02776694	4.725783	0.4855984
10	0.0268656	-0.8104402	0.4855984
11	0	-0.8104402	0.4855984
12	0	3.606979	2.302472
13	0	-1.914168	-4.829119
14	0	-4.626726	2.199565
15	0	-0.6255251	3.231094
16	0	-1.699859	-0.6367964
17	0	0.6379437	-3.861334
18	0	4.706608	-4.712546
19	0	-1.548012	-0.7763481
20	0	2.2488	-3.686127
21	0	2.037067	-4.239892
22	0	-3.681812	0.1326132
23	0	3.605533	-3.390532
24	0	3.550565	-2.758929
25	0	-0.703907	4.03884
26	0	1.007039	-3.25712
27	0	-0.9943902	-3.24605
28	0	-1.981268	-0.08154511
29	0	-2.098764	4.158277
30	0	4.458157	3.054771
31	0	1.242128	2.506422
32	0	-2.104249	3.582336
33	0	1.041235	4.855325
34	0	-0.02231836	-4.564727
35	0	0.742569	-1.198453
36	0	-4.331012	3.843544
37	0	-4.720507	-1.076115
38	0	-4.228269	-0.01464307
39	0	3.901027	-1.616165
40	0	1.947836	3.236678
41	0.02677143	-0.1103711	0.1460683
42	0	-0.1103711	0.1460683
43	0	3.590689	-2.528488
44	0	2.26231	-4.926794
45	0	-0.9600222	-4.350365
46	0	0.07558823	3.030857
47	0	-1.570205	-1.400838
48	0	2.291564	0.8580482
49	0	1.172502	-2.942499
50	0	0.4109401	2.307161
51	0	-1.965024	-2.776655
52	0	-2.849854	3.891712
53	0	3.897984	-4.828143
54	0	-4.846954	2.269162
55	0	-1.651709	3.210716
56	0	2.113286	4.315736
57	0	-3.02058	-2.786616
58	0	-0.127089	-3.716367
59	0	-0.4643208	-0.6113088
60	0	0.7516634	-4.395614
61	0	-3.366158	0.5263108
62	0	-3.351984	-3.19902
63	0	4.741182	0.008188486
64	0	-0.1312363	3.21216
65	0	3.183457	-0.9282345
66	0	0.9470022	2.561481
67	0	-2.039428	-3.543872
68	0	0.7583076	-0.279423
69	0	2.722053	3.543005
70	0	-2.242176	2.538227
71	0	-0.3314155	-0.04817128
72	0	2.529863	-0.9926355
73	0	-3.298576	-4.53531
74	0	-4.301611	-0.8211994
75	0	1.600563	3.579589
76	0	-4.285937	0.09283304
77	0	4.786124	-1.806757
78	0	-2.931384	-0.9869373
79	0	2.273832	-2.858136
80	0	4.110158	-0.8479655
81	0	-1.962682	-1.252995
82	0	-3.501829	1.354954
83	0	-1.869314	0.9981823
84	0	1.604397	-4.392723
85	0	0.619657	-3.656696
86	0	0.104475	-3.071068
87	0	2.094853	0.3560752
88	0	-3.281329	-1.009422
89	0	2.09646	3.479155
90	0	-3.25075	2.320322
91	0	1.83967	3.804703
92	0	1.427351	4.529206
93	0	1.82409	-4.533929
94	0	2.586422	4.055458
95	0	0.460425	-2.985546
96	0	-1.959942	-1.926383
97	0	-4.703161	1.895913
98	0	-4.602723	3.91697
99	0	-4.264231	2.533759
100	0	2.187086	2.516582
101	0	0.05793273	-2.155224
102	0	-0.898419	3.978297
103	0	-0.7397997	0.1512951
104	0	-2.02196	-2.67293
105	0	0.3316772	0.3275365
106	0	1.951787	4.412113
107	0	-0.8814055	-3.366487
108	0	-1.281977	0.1339149
109	0	3.482978	4.615837
110	0	0.477615	0.3746885
111	0	4.440243	4.838881
112	0	0.221619	-3.49547
113	0	0.01187861	-1.827284
114	0	-1.127073	2.946942
115	0	-3.08881	-1.936435
116	0	-2.866352	1.250931
117	0	-4.581528	0.2781653
118	0	4.318357	1.480764
119	0	-1.888954	1.544978
120	0	-0.576641	-1.284424
121	0	1.29649	3.186531
122	0	1.353785	3.751165
123	0	-0.7551879	-2.675382
124	0	3.799477	-3.69889
125	0	3.136827	2.23129
126	0	-4.750681	-2.388215
127	0	4.522099	-2.054471
128	0	-1.141241	1.140463
129	0	1.423898	2.442988
130	0	-2.596806	-2.152415
131	0	0.8148885	-0.7391715
132	0	0.4790825	4.601294
133	0	-1.09934	-2.829232
134	0	-4.053394	-2.392697
135	0	-1.651538	4.522603
136	0	2.776931	3.664462
137	0	3.131517	0.002608299
138	0	1.32457	2.947937
139	0	1.611549	3.416052
140	0	-1.716927	1.452253
141	0	1.784458	1.986928
142	0	3.778337	0.5454165
143	0	2.414779	-3.790516
144	0	0.3509575	-2.776624
145	0	2.362231	3.88876
146	0	-1.12913	4.397713
147	0	4.580299	-0.86631
148	0	3.244508	-4.966248
149	0	-1.642446	3.741755
150	0	1.759714	-1.553915
151	0	-0.6070679	-2.151707
152	0	0.61423	-1.662203
153	0	3.164673	-0.08855104
154	0	-4.918071	-2.318463
155	0	1.286999	3.011141
156	0	4.267231	-4.981648
157	0	-4.085829	-3.949081
158	0	1.915154	2.241425
159	0	1.016803	4.206337
160	0	-2.510319	-4.681883
161	0	4.438522	0.968318
162	0	2.277303	1.732567
163	0	-1.419024	4.982944
164	0	-0.7425416	2.824877
165	0	2.847365	1.240188
166	0	1.897944	0.7192177
167	0	-2.039231	2.419656
168	0	-2.937501	4.859234
169	0	-3.938774	-3.798302
170	0	0.8969367	0.750944
171	0	-0.4642129	-4.046591
172	0	4.456327	-2.574363
173	0	-4.305667	-3.378416
174	0	1.657182	-2.094197
175	0	4.448537	0.5433482
176	0	0.01028299	-2.417624
177	0	-4.764185	-1.902516
178	0	1.054162	0.9879595
179	0	2.458077	-2.323062
180	0	4.134901	2.574352
181	0	-0.1736325	-1.089064
182	0	1.826861	3.06543
183	0	2.756952	3.662098
184	0	-0.3315043	1.71732
185	0	3.009645	-1.344103
186	0	1.370597	3.99035
187	0	-3.856043	-1.047017
188	0	-4.169676	2.839281
189	0	-2.359348	4.278834
190	0	-2.64445	-1.841331
191	0	-4.594457	-0.3079504
192	0	3.407392	2.648768
193	0	-2.75358	4.257239
194	0	3.464772	-2.259085
195	0	2.645554	-3.022151
196	0	3.917896	0.03757536
197	0	3.154525	-1.90138
198	0	0.0348866	2.404694
199	0	0.1702857	0.1495969
200	0	2.915032	-1.210117
201	0	2.505849	-2.334708
202	0	3.359808	-3.737354
203	0	3.708645	-0.8839422
204	0	0.8894867	3.625939
205	0	0.2902329	-1.965455
206	0	-0.812459	-4.842648
207	0	-4.105704	2.750603
208	0	-2.846184	0.5775857
209	0	2.004324	3.055907
210	0	-3.946779	3.216617
211	0	-0.1168722	4.052658
212	0	0.2902442	2.874354
213	0	4.863786	1.532653
214	0	-0.9616709	-1.850048
215	0	2.040015	4.23646
216	0	4.150001	1.289102
217	0	0.1393628	-4.250304
218	0	1.469895	-4.68903
219	0	-2.788944	-3.985884
220	0	0.4940075	4.787828
221	0	4.025048	2.57452
222	0	-0.9370148	4.752101
223	0	2.960348	-4.831685
224	0	-3.196335	-2.88272
225	0	3.938143	3.316665
226	0	4.974487	-3.070945
227	0	4.332562	2.427932
228	0	-4.113675	-4.315639
229	0	1.58024	0.9465855
230	0	-1.220665	0.4188401
231	0	-1.946036	-4.520707
232	0	1.283331	0.9452915
233	0	4.423338	4.746794
234	0	-1.042589	-4.533189
235	0	-0.7283854	-1.83145
236	0	3.204269	-4.440145
237	0	3.809676	-2.877717
238	0	0.005554557	-4.643255
239	0	-4.554619	-2.262978
240	0	-3.155581	4.002483
241	0	-0.7303673	3.029613
242	0	-3.790994	0.5135274
243	0	2.796875	1.478697
244	0	-1.113225	-4.642639
245	0	1.736362	2.14469
246	0	-2.996893	-2.659476
247	0	-4.367326	2.03802
248	0	1.807058	-3.590478
249	0	-0.4086053	-1.155009
250	0	2.586134	2.143529
251	0	0.343321	2.228111
252	0	-1.315557	2.178544
253	0	1.18134	-0.1199967
254	0	-3.437152	1.144444
255	0	-1.611272	-1.347271
256	0	2.43846	0.9248203
257	0	1.388936	-0.7760185
258	0	3.236573	-3.287498
259	0	-4.170959	4.972497
260	0.03143513	4.73371	3.947367
261	0.03810287	4.73371	1.319475
262	0.04702473	4.73371	1.319475
263	0.07172787	4.73371	-3.210764
264	0.1207602	4.73371	-3.210764

Generation:	BestFitness	:BestGene1:	BestGene2:
2	0.01131475	3.677949	2.140674
3	0.01331735	3.677949	2.140674
4	0.01441002	3.677949	4.585548
5	0.01561046	3.677949	4.585548
6	0.01731551	4.770792	3.914297
7	0.01926434	4.770792	3.914297
8	0.0217123	4.283153	-3.14568
9	0.02504659	4.770792	-2.796613
10	0.02978384	4.931345	-0.006400943
11	0.03670108	4.931345	-0.006400943
12	0.04778636	4.931345	-0.006400943
13	0.05093086	1.085032	-0.006400943
14	0.05479002	1.085032	1.168255
15	0.05913401	1.085032	-0.006400943
16	0.08368576	3.88414	-0.006400943
17	0.1178004	3.88414	-0.006400943

Generation:	BestFitness	:BestGene1:	BestGene2:
2	0.0121392	3.977911	0.3438163
3	0.0130688	3.93688	2.659969
4	0.0143373	4.164595	4.693751
5	0.01547277	3.977911	0.478971
6	0.01735389	4.87673	3.026848
7	0.01857984	2.966228	0.3438163
8	0.01992726	3.456693	-1.978739
9	0.02267706	4.106779	3.026848
10	0.02457678	2.966228	-0.732252
11	0.026829	2.501582	1.001815
12	0.02970517	2.070368	4.032022
13	0.03674603	4.883572	1.001815
14	0.04816806	4.874994	1.65856
15	0.05101442	0.95833	0.3438163
16	0.05862319	2.023694	0.3438163
17	0.06940889	2.023694	0.3438163
18	0.0881207	3.967661	-0.5144387
19	0.09407139	3.967661	-0.5144387
20	0.09855163	3.967661	-0.5144387
21	0.0966233	3.967661	-1.095876
22	0.09335363	3.967661	-1.766555
23	0.1152257	4.9647	-1.750911

Generation:	BestFitness	:BestGene1:	BestGene2:
2	0.01153529	6.810452	-4.549417
3	0.01422078	5.961801	-4.426514
4	0.01394346	-1.824249	-3.477042
5	0.01555666	6.810452	2.861156
6	0.01782835	6.056263	-3.477042
7	0.02082989	6.056263	-3.477042
8	0.02493501	6.056263	-3.477042
9	0.03076658	6.056263	-3.477042
10	0.04023224	6.810452	-4.78138
11	0.05360246	5.930955	5.144173
12	0.06531254	5.930955	5.144173
13	0.07235736	5.930955	5.144173
14	0.09548605	5.930955	0.5968577
15	0.09892852	5.930955	0.5968577
16	0.1093052	5.930955	-1.059406
17	0.1098718	5.930955	-1.059406
18	0.1084389	5.930955	-1.059406
19	0.1040709	5.930955	-1.059406
20	0.09525389	5.930955	-1.059406
21	0.08458198	5.930955	-1.059406
22	0.08793459	5.930955	-1.059406
23	0.09023444	5.930955	0.5968577
24	0.09358988	5.930955	0.5968577
25	0.09532572	5.930955	0.5968577
26	0.08414001	5.930955	4.20927
27	0.07110135	3.961756	0.5968577
28	0.1203929	3.961756	0.5968577

Generation:	BestFitness	:BestGene1:	BestGene2:
2	0.01297787	7.403683	4.369349
3	0.01630515	7.172344	0.8568898
4	0.01914159	7.403683	-0.5979851
5	0.02223119	6.320798	2.274022
6	0.02626628	6.320798	2.274022
7	0.03394992	6.320798	-3.883802
8	0.04219488	5.554142	2.274022
9	0.05933613	6.320798	0.4098675
10	0.07679538	6.320798	2.274022
11	0.2229773	6.320798	-5.205507

Generation:	BestFitness	:BestGene1:	BestGene2:
2	0.01257396	4.686216	3.952756
3	0.01360047	4.686216	3.952756
4	0.01484418	4.686216	-3.198709
5	0.01627839	4.686216	-1.731376
6	0.01806557	4.686216	3.952756
7	0.02029586	4.686216	-1.731376
8	0.02314711	4.686216	0.07090151
9	0.02689862	4.686216	0.07090151
10	0.0321002	4.686216	0.07090151
11	0.03404653	1.443748	0.07090151
12	0.03566575	1.133521	-1.023731
13	0.04365206	3.995571	-0.02099156
14	0	3.995571	-0.02099156
15	0	-4.494174	-4.760751
16	0	0.5289769	3.848623
17	0	2.677761	2.626035
18	0	0.06860793	0.7003051
19	0	-1.847709	-0.9330237
20	0	-3.371348	-0.202769
21	0	1.728698	-2.345587
22	0	4.748366	-1.551715
23	0	3.927938	-1.616987
24	0	-4.313117	0.8706373
25	0	-4.054716	2.843412
26	0	1.657347	-0.05437434
27	0	0.8733559	3.64561
28	0	0.1294202	-4.756058
29	0	3.853589	2.322221
30	0	-0.05579114	0.9806937
31	0	1.500199	-2.15102
32	0	2.785028	-1.525266
33	0	-2.398175	3.159783
34	0	-4.229999	0.1714474
35	0	1.257161	-2.304759
36	0	3.746942	-1.941335
37	0	-1.839837	-4.00083
38	0	2.712865	0.4728568
39	0	-3.61237	0.1444083
40	0	-4.790843	0.002494454
41	0	-1.286116	-1.084316
42	0	-4.908194	2.77448
43	0	-2.5879	-0.993489
44	0	-1.913771	4.428179
45	0	2.404649	-4.346016
46	0	-3.814919	-0.9427321
47	0	-1.535762	0.1853263
48	0	-3.456314	3.368724
49	0	-2.697083	0.230881
50	0	3.384793	-0.3043455
51	0	-0.07742107	-2.266396
52	0	-4.968145	-2.077939
53	0	4.087734	0.3812736
54	0	-0.8315331	3.940095
55	0	-4.219444	-0.6163532
56	0	1.253133	3.795313
57	0	-0.8558106	-4.014366
58	0	2.667696	4.799039
59	0	4.454693	3.721315
60	0	-4.032508	-1.554429
61	0	-1.565834	1.896682
62	0.04362321	-0.009142756	-0.02850056
63	0.04362226	-0.009142756	-0.02850056
64	0.04362202	-0.009142756	-0.02850056
65	0.04362476	-0.009142756	-0.002677441
66	0.04362285	-0.009142756	-0.002677441
67	0.04362071	-0.009142756	-0.002677441
68	0.04361892	-0.009142756	-0.002677441
69	0.0436157	-0.009142756	-0.002677441
70	0.04361391	-0.009142756	-0.002677441
71	0.04361224	-0.009142756	-0.002677441
72	0.04360938	-0.009142756	-0.002677441
73	0.04360771	-0.009142756	-0.002677441
74	0.04360485	-0.009142756	-0.002677441
75	0.0436033	-0.009142756	-0.002677441
76	0.04360187	-0.009142756	-0.002677441
77	0.04359949	-0.009142756	-0.002677441
78	0.04360092	-0.009142756	0.02191067
79	0.04359972	-0.009142756	0.02191067
80	0.04359818	-0.009142756	0.02191067
81	0.0435977	-0.009142756	0.02191067
82	0.04359627	-0.009142756	0.02191067
83	0.04359567	-0.009142756	0.02191067
84	0.04359519	-0.009142756	0.02191067
85	0.04360652	-0.009142756	0.1269239
86	0.04358566	-0.009142756	0.02191067
87	0.04364026	0.01315534	0.02191067
88	0.04363835	0.01315534	0.02191067
89	0.04364038	0.01315534	0.02191067
90	0.04364288	0.01315534	0.02191067
91	0.04364491	0.01315534	0.02191067
92	0.043648	0.01315534	0.02191067
93	0.04364967	0.01315534	0.02191067
94	0.04377413	0.06312132	-0.002677441
95	0.04377532	0.06312132	-0.002677441
96	0.04378271	0.06312132	0.02191067
97	0.04378557	0.06312132	0.02191067
98	0.04378939	0.06312132	0.02191067
99	0.04379308	0.06312132	0.02191067
100	0.04379582	0.06312132	0.02191067
101	0.04379952	0.06312132	0.02191067
102	0.04380238	0.06312132	0.02191067
103	0.04380608	0.06312132	0.02191067
104	0.04380882	0.06312132	0.02191067
105	0.04381251	0.06312132	0.02191067
106	0.0438149	0.06312132	0.02191067
107	0.04381871	0.06312132	0.02191067
108	0.04382133	0.06312132	0.02191067
109	0.04382443	0.06312132	0.02191067
110	0.04382741	0.06312132	0.02191067
111	0.04383028	0.06312132	0.02191067
112	0.04383314	0.06312132	0.02191067
113	0.04383516	0.06312132	0.02191067
114	0.0438385	0.06312132	0.02191067
115	0.04384017	0.06312132	0.02191067
116	0.04384327	0.06312132	0.02191067
117	0.04384613	0.06312132	0.02191067
118	0.04384828	0.06312132	0.02191067
119	0.04393709	0.09724021	0.02191067
120	0.04393911	0.09724021	0.02191067
121	0.04394352	0.09724021	0.02191067
122	0.04394686	0.09724021	0.02191067
123	0.04395175	0.09724021	0.02191067
124	0.0439558	0.09724021	0.02191067
125	0.04395962	0.09724021	0.02191067
126	0.04396415	0.09724021	0.02191067
127	0.04396784	0.09724021	0.02191067
128	0.04397225	0.09724021	0.02191067
129	0.04397666	0.09724021	0.02191067
130	0.04398012	0.09724021	0.02191067
131	0.04398417	0.09724021	0.02191067
132	0.04398739	0.09724021	0.02191067
133	0.04399145	0.09724021	0.02191067
134	0.04399538	0.09724021	0.02191067
135	0.04400015	0.09724021	0.02191067
136	0.04400563	0.09724021	0.02191067
137	0.04401016	0.09724021	0.02191067
138	0.044016	0.09724021	0.02191067
139	0.0440203	0.09724021	0.02191067
140	0.04402542	0.09724021	0.02191067
141	0.04403031	0.09724021	0.02191067
142	0.04403472	0.09724021	0.02191067
143	0.04403937	0.09724021	0.02191067
144	0.04404402	0.09724021	0.02191067
145	0.04404783	0.09724021	0.02191067
146	0.04405248	0.09724021	0.02191067
147	0.04405653	0.09724021	0.02191067
148	0.04406118	0.09724021	0.02191067
149	0.04407012	0.09724021	0.05746424
150	0.04410589	0.09724021	0.05746424
151	0.04414177	0.09724021	0.05746424
152	0.04417634	0.09724021	0.05746424
153	0.04421318	0.09724021	0.05746424
154	0.04424691	0.09724021	0.05746424
155	0.04428124	0.09724021	0.05746424
156	0.04431748	0.09724021	0.05746424
157	0.04435074	0.09724021	0.05746424
158	0.044397	0.09724021	0.1506811
159	0.04452133	0.09724021	0.1506811
160	0.04464304	0.09724021	0.1506811
161	0.04476416	0.09724021	0.1506811
162	0.04488611	0.09724021	0.1506811
163	0.04500699	0.09724021	0.1506811
164	0.04512954	0.09724021	0.1506811
165	0.04525125	0.09724021	0.1506811
166	0.04537404	0.09724021	0.1506811
167	0.04549682	0.09724021	0.1506811
168	0.04561675	0.09724021	0.1506811
169	0.04573894	0.09724021	0.1506811
170	0.0458622	0.09724021	0.05746424
171	0.04589891	0.09724021	0.05746424
172	0.0461961	0.1907414	0.05746424
173	0.04646933	0.1907414	0.05746424
174	0.04674673	0.1907414	0.05746424
175	0.0470295	0.1907414	0.05746424
176	0.04731727	0.1907414	-0.2229279
177	0.04770887	0.1907414	0.05746424
178	0.04839659	0.3193414	0.05746424
179	0.04909289	0.3193414	0.05746424
180	0.05216324	1.010124	0.1506811
181	0.05721343	1.413882	0.7593876
182	0.08045018	3.943346	0.05746424
183	0.1339605	4.938586	0.05746424

Generation:	BestFitness	:BestGene1:	BestGene2:
2	0.01113549	2.559656	0.8316547
3	0.01205102	3.64216	-4.861564
4	0.01315102	7.110022	0.8316547
5	0.0143905	7.110022	0.8316547
6	0.01532063	6.735459	-4.861564
7	0.0187397	6.735459	0.4125389
8	0.0202322	0.1204947	-4.861564
9	0.02452299	7.110022	-7.303776
10	0.03655747	7.110022	-7.303776
11	0.06255374	7.110022	-2.395658
12	0.2263317	7.110022	-7.303776

Generation:	BestFitness	:BestGene1:	BestGene2:
2	0.01295552	5.434482	4.235433
3	0.01431748	5.434482	4.235433
4	0.01593188	5.434482	4.235433
5	0.01784116	5.434482	4.235433
6	0.02070695	6.355077	-2.560708
7	0.02451554	6.355077	-2.560708
8	0.03030539	6.190251	2.452162
9	0.03735438	5.434482	-2.560708
10	0.05335898	6.206749	4.235433
11	0	6.206749	4.235433
12	0	3.11477	-1.522506
13	0	7.466442	-1.85457
14	0	0.7416576	6.716647
15	0	-5.055831	-3.713242
16	0.0523232	-0.2709022	-0.6330952
17	0.05544737	0.8583927	-0.6330952
18	0.05931422	1.08916	-0.6330952
19	0.06363512	1.08916	-0.6330952
20	0.06834389	1.08916	-0.6330952
21	0.06810427	-0.2709022	2.244979
22	0.07481084	1.08916	-0.6330952
23	0.07267848	-0.2709022	2.244979
24	0.07127897	-0.2709022	-0.6330952
25	0.07904337	1.08916	-0.6330952
26	0.07622302	-0.2709022	-0.6330952
27	0.1707111	6.845036	2.244979
Distance: 77.15781
Strategy: Expert
Generation:	BestFitness	:BestGene1:	BestGene2:
2	0.01078689	-3.210849	0.06565273
3	0.01127779	-3.284464	0.2847505
4	0.01204014	-3.916586	-2.797158
5	0.01289988	-3.916586	-2.797158
6	0.01072896	-0.1113069	0.2847505
7	0.01386487	-3.916586	-2.797158
8	0.01496518	-3.916586	-2.797158
9	0.01639509	-4.53194	0.2847505
10	0.01811159	-4.53194	0.2847505
11	0.02022231	-4.53194	0.2847505
12	0.02288425	-4.53194	0.2847505
13	0.02692461	-4.850627	-2.797158
14	0.0323993	-4.850627	-2.797158
15	0.03985798	-4.850627	-2.797158
16	0.05102634	-4.252117	0.3703725
17	0.07050812	-4.252117	0.3703725
18	0.09962118	-4.158014	3.751497
19	0.09503758	-4.158014	3.751497
20	0.09012747	-4.158014	3.751497
21	0.084885	-4.158014	2.922553
22	0.08887136	-4.805838	3.908855
23	0.08711624	-4.975166	3.751497
24	0.08920157	-4.975166	3.751497
25	0.08535028	-4.975166	3.751497
26	0.07923388	-3.602888	1.980818
27	0.1326947	-4.975166	0.4163444
Distance: 88.29096
Strategy: Expert
Generation:	BestFitness	:BestGene1:	BestGene2:
2	0.01129627	-4.650814	0.1647067
3	0.01194417	-4.708027	-1.626433
4	0.01280332	-3.65091	2.494112
5	0.01304913	-1.246116	0.1647067
6	0.0136987	-2.402891	1.668815
7	0.01469171	-4.123102	0.1647067
8	0.01647627	-4.123102	4.976187
9	0.01865768	-4.123102	4.976187
10	0.02076697	-4.37376	0.1647067
11	0.02413368	-4.270758	4.049708
12	0.0245738	-0.6132191	0.1647067
13	0.0251205	-0.6132191	0.7616091
14	0.02598429	-0.9400189	0.7616091
15	0.03039002	-3.81387	4.023569
16	0.03577018	-3.81387	0.7616091
17	0.03864896	-1.673997	0.1647067
18	0.04202664	-1.673997	0.1647067
19	0.05746484	-4.928046	0.7616091
20	0.07468462	-4.928046	0.7616091
21	0.1980695	-4.928046	0.7616091
Distance: 72.77678
Strategy: Expert
Generation:	BestFitness	:BestGene1:	BestGene2:
2	0.01308173	-5.982897	4.562693
3	0.01449823	-5.982897	4.562693
4	0.0156501	-4.168192	-1.432207
5	0.01760557	-5.982897	4.579673
6	0.01940057	-4.168192	-2.810458
7	0.02346263	-7.305059	0.34576
8	0.02964378	-7.305059	0.34576
9	0.03924877	-6.727123	-2.810458
10	0	-6.727123	-2.810458
11	0	2.414788	6.784108
12	0	2.968257	-6.885815
13	0	-0.3349069	2.708683
14	0	-5.945046	-5.577975
15	0	4.034295	-4.724719
16	0.03832698	0.4091871	-0.4898018
17	0.03767014	0.4091871	-0.4898018
18	0.03706307	0.4091871	-0.4898018
19	0.03726781	-0.08853704	-0.4898018
20	0.03928721	-1.177474	-0.4898018
21	0.04128948	-1.177474	-0.4898018
22	0.05206123	-4.330095	-0.4898018
23	0.0696534	-4.330095	-0.4898018
24	0.1175682	-7.340155	-0.4898018
25	0.1183726	-7.340155	-0.4898018
26	0.1241557	-7.340155	-0.1974857
27	0.125543	-7.340155	-0.1974857
28	0.1633717	-7.340155	1.921838
Distance: 69.33993
Strategy: Expert
